ISOTime,UnixTime,Id,Longitude,Latitude,Altitude,Roll,Pitch,Yaw,U,V,Heading,Type,Color,Coalition,Name,Group,Country,Pilot,TAS,CAS,M,ASL,AGL,GS,VS,AOA,AOS,RRT,TRT,TRD,G,LatG,LonG,Ek,Ep,Em,FFW,FFV,RelativeTime,Elev,GroundDistance,AirDistance
2018-07-19T08:59:37Z,1531990777,1EC06,40.3973115,43.3889953,2069.42,-13.9,9.7,83.2,499700.78,-167452.52,78,Weapon+Missile,Red,Allies,R-77,,xu,,261.315285436997,239.590362548828,0.786180005508897,2069.41528320312,268.837890625,NaN,NaN,6.50291827002991,NaN,3.07694557957738,1.4364648224655,NaN,NaN,NaN,NaN,NaN,2029.40313870239,NaN,,,0.579999923706055,1800.57739257812,NaN,NaN
2018-07-19T08:59:38Z,1531990778,1EC06,40.4009403,43.3892699,2086.08,-11.8,9.3,83,499992.09,-167395.77,77.9,Weapon+Missile,Red,Allies,R-77,,xu,,297.256121426528,273.347381591797,0.894485861588294,2086.07861328125,417.70703125,296.788704563112,16.663330078125,4.7808719637541,NaN,1.56923596181043,0.438240064949813,3994.38947956057,2.81610608100891,2.81610608100891,2.81610608100891,4418.06008627713,2045.74428329346,6463.80436957058,,,1.57999992370605,1668.37158203125,295.151283752919,295.717285508099
2018-07-19T08:59:39Z,1531990779,1EC06,40.4059985,43.3897004,2139.99,-9.8,9.1,83.3,500397.69,-167311.36,78.2,Weapon+Missile,Red,Allies,R-77,,xu,,417.776708976417,385.38134765625,1.25795104204272,2139.9921875,633.336303710938,414.283363264958,53.91357421875,0.119398694791906,NaN,2.10767514200817,0.402027976115565,5000,1.6446385383606,1.6446385383606,1.6446385383606,8726.86892815828,2098.61543855469,10825.484366713,,,2.57999992370605,1506.65588378906,707.13157829764,711.345622627547
2018-07-19T08:59:40Z,1531990780,1EC06,40.412587,43.3902465,2220.39,-7.5,7.9,83.8,500926.12,-167202.98,78.6,Weapon+Missile,Red,Allies,R-77,,xu,,545.39424958013,495.587677001953,1.64377947498318,2220.38842773438,882.265625,539.436124143767,80.396240234375,0.029261540998732,NaN,2.2000056392084,0.935685650368324,5000,0.292313873767853,0.292313873767853,0.292313873767853,14872.7443737537,2177.45721748413,17050.2015912378,,,3.57999992370605,1338.12280273438,1243.56438207435,1253.95088225366
2018-07-19T08:59:41Z,1531990781,1EC06,40.4207029,43.3908893,2308.07,-5.8,7.1,83.9,501577.31,-167072.77,78.8,Weapon+Missile,Red,Allies,R-77,,xu,,669.842740401301,600.555297851562,2.0209598298354,2308.06518554688,1127.7919921875,664.079876978525,87.6767578125,0.0487698336728559,NaN,1.73845731359208,0.989364000333748,5000,0.309231013059616,0.309231013059616,0.309231013059616,22434.4648434162,2263.43874518433,24697.9035886005,,,4.57999992370605,1180.27319335938,1903.9851503555,1920.39857625145
2018-07-19T08:59:42Z,1531990782,1EC06,40.4303555,43.3916379,2398.84,-4.1,6.1,84,502352,-166919.56,78.8,Weapon+Missile,Red,Allies,R-77,,xu,,794.891356731079,705.251708984375,2.40082991859474,2398.84155273438,1405.39807128906,789.691028292721,90.7763671875,0.0729758120107746,NaN,1.53847364356234,1.01272698255489,5000,0.532085001468658,0.532085001468658,0.532085001468658,31592.6134502888,2352.45995131226,33945.073401601,,,5.57999992370605,993.443481445312,2689.25852968717,2711.18918608521
2018-07-19T08:59:43Z,1531990783,1EC06,40.4414967,43.3924947,2487.63,-2.8,5.1,84,503246.19,-166743.42,78.9,Weapon+Missile,Red,Allies,R-77,,xu,,915.685937479425,805.859436035156,2.76859664856708,2487.63305664062,1525.38824462891,911.370838315359,88.79150390625,0.0536311353135594,NaN,1.33849040041942,0.99370639982029,5000,0.734052360057831,0.734052360057831,0.734052360057831,41924.0368048787,2439.53467149048,44363.5714763692,,,6.57999992370605,962.244812011719,3595.5305700466,3622.14599440003
2018-07-19T08:59:44Z,1531990784,1EC06,40.4534416,43.3934046,2565.26,-1.2,3.7,84.2,504204.91,-166555.42,79.1,Weapon+Missile,Red,Allies,R-77,,xu,,980.057161754887,858.03759765625,2.96597242201231,2565.26293945312,1817.76922607422,976.977810188933,77.6298828125,0.0310815695719626,NaN,2.00000553403597,1.58859122381436,5000,2.63746380805969,2.63746380805969,2.63746380805969,48025.6020153523,2515.6635805188,50541.2655958711,,,7.57999992370605,747.493713378906,4567.06257373079,4597.15816785385
2018-07-19T08:59:45Z,1531990785,1EC06,40.4645843,43.394153,2605.47,0.8,1.3,85.4,505100.25,-166391.06,80.2,Weapon+Missile,Red,Allies,R-77,,xu,,911.192098394401,797.626220703125,2.75889033905145,2605.46997070312,1807.18322753906,910.304583540286,40.20703125,0.041977866114364,NaN,1.90767226207138,2.46739516549653,5000,3.35910892486572,3.35910892486572,3.35910892486572,41513.5520088196,2555.09320881958,44068.6452176392,,,8.57999992370605,798.286743164062,5472.23842447519,5503.59310730375
2018-07-19T08:59:46Z,1531990786,1EC06,40.4748611,43.394681,2607.09,2.6,-1.1,86.8,505927.62,-166257.39,81.6,Weapon+Missile,Red,Allies,R-77,,xu,,838.105107108798,735.354553222656,2.53764796057096,2607.08544921875,1575.49267578125,838.103550160131,1.615478515625,0.0564271837108959,NaN,1.73846179590372,2.76584647113917,5000,3.25396680831909,3.25396680831909,3.25396680831909,35121.0085280925,2556.67745205811,37677.6859801506,,,9.57999992370605,1031.5927734375,6305.59849295525,6337.29527421265
2018-07-19T08:59:47Z,1531990787,1EC06,40.4843614,43.3949879,2576.09,4.1,-3.5,88.1,506694.28,-166153.84,82.9,Weapon+Missile,Red,Allies,R-77,,xu,,774.238093070011,682.098022460938,2.34340001862418,2576.08764648438,1336.20007324219,773.617322056796,-30.997802734375,0.0892411302465247,NaN,1.46153881963814,2.64319484322255,5000,2.3259003162384,2.3259003162384,2.3259003162384,29972.2312380344,2526.2789918396,32498.510229874,,,10.5799999237061,1239.88757324219,7074.82875331751,7107.46214601538
2018-07-19T08:59:48Z,1531990788,1EC06,40.4931188,43.3951928,2518.16,5.5,-5.9,87.8,507401.75,-166067.02,82.6,Weapon+Missile,Red,Allies,R-77,,xu,,715.127224792696,633.588684082031,2.1629907373076,2518.15844726562,1171.18054199219,712.777072805781,-57.92919921875,0.0866760149319624,NaN,1.53846169073129,2.37909362613296,5000,2.49369716644287,2.49369716644287,2.49369716644287,25570.3473819852,2469.46985368774,28039.8172356729,,,11.5799999237061,1346.97790527344,7783.56214647651,7818.84114938365
2018-07-19T08:59:49Z,1531990789,1EC06,40.5011705,43.3955148,2437.23,6.7,-8.1,85.9,508050.88,-165972.25,80.7,Weapon+Missile,Red,Allies,R-77,,xu,,660.979364096108,589.676452636719,1.99728507827383,2437.22680664062,1158.86279296875,656.00593694466,-80.931640625,0.0882945042506616,NaN,0.969230310207843,2.97291859686692,5000,3.20472049713135,3.20472049713135,3.20472049713135,21844.6859880447,2390.10302633423,24234.789014379,,,12.5799999237061,1278.36401367188,8435.83753611915,8476.36965444836
2018-07-19T08:59:50Z,1531990790,1EC06,40.5086014,43.396066,2341.72,7.8,-9.9,82.3,508647.38,-165856.5,77.1,Weapon+Missile,Red,Allies,R-77,,xu,,615.087257678718,552.816833496094,1.8565011737694,2341.71752929688,1167.09362792969,607.626787181079,-95.50927734375,0.157891940583407,NaN,1.26153935479594,3.5664744154589,5000,3.67806577682495,3.67806577682495,3.67806577682495,18916.6167279363,2296.44042086792,21213.0571488042,,,13.5799999237061,1174.62390136719,9040.02801927028,9088.28609579384
2018-07-19T08:59:51Z,1531990791,1EC06,40.5153896,43.3968639,2233.67,8.9,-11.8,79.2,509189.31,-165718.02,74,Weapon+Missile,Red,Allies,R-77,,xu,,569.690808586823,516.251403808594,1.71727803475751,2233.673828125,992.595825195312,559.351567464855,-108.043701171875,0.228721719230008,NaN,0.938461161770582,4.06034554410524,5000,4.12263822555542,4.12263822555542,4.12263822555542,16227.3808694154,2190.4857446582,18417.8666140736,,,14.5799999237061,1241.07800292969,9596.24220148592,9655.09261385829
2018-07-19T08:59:52Z,1531990792,1EC06,40.5215397,43.3979407,2127.86,8.5,-11.4,74,509676.75,-165553.2,68.8,Weapon+Missile,Red,Allies,R-77,,xu,,525.315046810305,480.019805908203,1.58152844057044,2127.85595703125,727.005004882812,514.546865273223,-105.81787109375,0.13287624772387,NaN,0.400030519309307,4.48025063323882,5000,4.2673921585083,4.2673921585083,4.2673921585083,13797.7949202657,2086.71386210205,15884.5087823677,,,15.5799999237061,1400.85095214844,10107.9325865017,10177.7813801853
2018-07-19T08:59:53Z,1531990793,1EC06,40.5270658,43.3992702,2028.04,9.4,-12.6,69.2,510111.03,-165364.84,64,Weapon+Missile,Red,Allies,R-77,,xu,,483.780530592124,445.581298828125,1.4547668881068,2028.03540039062,590.796875,473.370318304763,-99.820556640625,0.0507270802919479,NaN,1.16923105571051,4.984127348689,5000,4.38069009780884,4.38069009780884,4.38069009780884,11702.1800889999,1988.82333592407,13691.0034249239,,,16.5799999237061,1437.23852539062,10578.7718591432,10659.2356740632
2018-07-19T08:59:54Z,1531990794,1EC06,40.5319425,43.4008315,1927.31,10.2,-13.2,62.8,510490.38,-165155.5,57.6,Weapon+Missile,Red,Allies,R-77,,xu,,444.827815808087,412.772521972656,1.33604596539625,1927.3115234375,442.632568359375,433.274146849457,-100.723876953125,0.107831238606135,NaN,0.523076377207087,6.34207098163826,3551.02469609279,5.55362749099731,5.55362749099731,5.55362749099731,9893.58928582966,1890.04695513184,11783.6362409615,,,17.5799999237061,1484.67895507812,11009.8030257142,11102.0092036982
2018-07-19T08:59:55Z,1531990795,1EC06,40.5361015,43.4026571,1838.75,10.2,-11.9,54.8,510808.88,-164922.05,49.6,Weapon+Missile,Red,Allies,R-77,,xu,,404.705543133585,377.870941162109,1.21427288482499,1838.74536132812,347.563232421875,394.895697079958,-88.566162109375,0.223805996126746,NaN,0.199987938897973,7.08409803731339,4347.11383394676,4.15032386779785,4.15032386779785,4.15032386779785,8189.32883215249,1803.19321976685,9992.52205191933,,,18.5799999237061,1491.18212890625,11402.805685373,11504.9809976872
2018-07-19T08:59:56Z,1531990796,1EC06,40.5396474,43.4045522,1769.07,6.1,-9.1,57.8,511077,-164685.38,52.5,Weapon+Missile,Red,Allies,R-77,,xu,,364.362158908938,341.280975341797,1.09233339517189,1769.06616210938,304.502319335938,357.637514868079,-69.67919921875,0.329217371684352,NaN,7.6615597957867,3.70910093160322,2076.4828706641,6.48308849334717,6.48308849334717,6.48308849334717,6637.98914223909,1734.86126786499,8372.85041010408,,,19.5799999237061,1464.56384277344,11758.8170777498,11867.8459940861
2018-07-19T08:59:57Z,1531990797,1EC06,40.5430833,43.4058239,1730.71,0.9,-5,67.9,511342.47,-164518.75,62.6,Weapon+Missile,Red,Allies,R-77,,xu,,315.766531725566,295.145477294922,0.946221428683221,1730.71313476562,269.577880859375,313.428696598704,-38.35302734375,0.870131596131026,NaN,4.07691259482393,8.89240257290531,3108.27638615684,3.72508144378662,3.72508144378662,3.72508144378662,4985.42512789965,1697.24979630493,6682.67492420458,,,20.5799999237061,1461.13525390625,12070.6824816673,12182.1457876306
2018-07-19T08:59:58Z,1531990798,1EC06,40.5463505,43.406762,1706.84,0.4,-4.7,68.8,511597.66,-164390.42,63.5,Weapon+Missile,Red,Allies,R-77,,xu,,286.633382594835,267.503967285156,0.858681283574532,1706.83996582031,200.932495117188,285.637476221636,-23.8731689453125,0.026931720716962,NaN,0.199987938897973,2.82444501190624,5000,1.05415654182434,1.05415654182434,1.05415654182434,4107.93480088785,1673.83821508118,5781.77301596903,,,21.5799999237061,1505.90747070312,12354.7991619258,12467.3399812012
2018-07-19T08:59:59Z,1531990799,1EC06,40.5494567,43.4076436,1684.67,0.3,-4.7,68.8,511840.34,-164269.56,63.5,Weapon+Missile,Red,Allies,R-77,,xu,,272.021795734644,253.795471191406,0.814697130997584,1684.66687011719,112.213745117188,271.11660071202,-22.173095703125,0.0431584780490336,NaN,0.199987938897973,0.0453270429826955,5000,0.995746731758118,0.995746731758118,0.995746731758118,3699.79286773503,1652.09383618347,5351.8867039185,,,22.5799999237061,1572.453125,12624.4929341108,12738.0151702983
2018-07-19T09:00:00Z,1531990800,1EC06,40.5524162,43.4084832,1663.54,0.3,-4.7,68.8,512071.59,-164154.44,63.5,Weapon+Missile,Red,Allies,R-77,,xu,,259.184886193905,241.786605834961,0.776059055124576,1663.53686523438,17.6826171875,258.3221402145,-21.1300048828125,0.0421798167348926,NaN,0,0.0171320104161963,5000,0.996197104454041,0.996197104454041,0.996197104454041,3358.84026156738,1631.37237994507,4990.21264151245,,,23.5799999237061,1645.85424804688,12881.4317811719,12995.8886057564
