ISOTime,UnixTime,Id,Longitude,Latitude,Altitude,Roll,Pitch,Yaw,U,V,Heading,Type,Color,Coalition,Name,Group,Country,Pilot,TAS,CAS,M,ASL,AGL,GS,VS,AOA,AOS,RRT,TRT,TRD,G,LatG,LonG,Ek,Ep,Em,FFW,FFV,RelativeTime,Elev,GroundDistance,AirDistance
2018-07-19T08:36:41Z,1531989401,1A003,40.8358403,44.1584361,628.03,53.6,35,136.9,527095.75,-78699.51,131.4,Weapon+Missile,Red,Allies,R-77,,xu,,152.5633264,148.2610626,0.451374125,628.0284424,32.04663086,NaN,NaN,NaN,NaN,NaN,NaN,NaN,NaN,NaN,NaN,NaN,615.8855124,NaN,,,0.180000067,595.9818115,NaN,NaN
2018-07-19T08:36:42Z,1531989402,1A003,40.8369796,44.157297,628.26,49.6,35,136.9,527199,-78817.34,131.4,Weapon+Missile,Red,Allies,R-77,,xu,,156.6655194,152.2595367,0.463512127,628.263855,38.41326904,156.6653425,0.235412598,27.41908725,NaN,4.030795158,21.98935507,488.7612529,2.75207901,2.75207901,2.75207901,1227.204248,616.1163733,1843.320621,,,1.180000067,589.8505859,156.0770931,156.0926418
2018-07-19T08:36:43Z,1531989403,1A003,40.8387753,44.1556652,704.95,45.9,35,136.9,527360,-78984.84,131.4,Weapon+Missile,Red,Allies,R-77,,xu,,244.659937,237.5538483,0.724488183,704.953064,116.5286255,232.3300454,76.68920898,5.43707219,NaN,3.646173545,0.013988227,810.8598182,8.215161324,8.215161324,8.215161324,2992.924239,691.3227965,3684.247035,,,2.180000067,588.4244385,387.5130852,399.9267041
2018-07-19T08:36:44Z,1531989404,1A003,40.8412898,44.153731,912.3,42.5,35,136.9,527581.75,-79180.43,131.4,Weapon+Missile,Red,Allies,R-77,,xu,,361.1395334,349.2712097,1.071954416,912.2976685,317.6504517,295.6856059,207.3446045,0.050980129,NaN,3.353841449,0.013988227,5000,0.829550147,0.829550147,0.829550147,6521.088128,894.658393,7415.746521,,,3.180000067,594.6472168,681.942164,760.0686896
2018-07-19T08:36:45Z,1531989405,1A003,40.8446598,44.1511385,1190.21,39.4,35,136.9,527878.94,-79442.59,131.4,Weapon+Missile,Red,Allies,R-77,,xu,,484.0268164,460.4154968,1.441327981,1190.210693,592.2106934,396.2906882,277.9130249,0.053682664,NaN,3.046155087,0.013988227,5000,0.828735232,0.828735232,0.828735232,11714.09795,1167.19797,12881.29592,,,4.180000067,598,1076.580056,1242.796415
2018-07-19T08:36:46Z,1531989406,1A003,40.8488941,44.1478807,1539.44,36.5,35,136.9,528252.38,-79772.02,131.4,Weapon+Missile,Red,Allies,R-77,,xu,,608.2264749,565.4896851,1.818531379,1539.438354,944.5465698,497.9753864,349.2276611,0.054171818,NaN,2.87693032,0.013988227,5000,0.827197492,0.827197492,0.827197492,18496.97224,1509.673314,20006.64555,,,5.180000067,594.8917847,1572.47198,1849.405031
2018-07-19T08:36:47Z,1531989407,1A003,40.8540153,44.1439399,1961.87,33.7,35,137,528704.12,-80170.49,131.4,Weapon+Missile,Red,Allies,R-77,,xu,,735.7359872,667.2609863,2.210691783,1961.866821,1357.178345,602.3799742,422.4284668,0.05205534,NaN,2.707705553,0.013988227,5000,0.826279759,0.826279759,0.826279759,27065.37215,1923.934126,28989.30627,,,6.180000067,604.6884766,2172.300889,2583.188423
2018-07-19T08:36:48Z,1531989408,1A003,40.8599115,44.1394018,2448.28,31.3,35,137,529224.31,-80629.34,131.4,Weapon+Missile,Red,Allies,R-77,,xu,,847.189305,748.4943237,2.560293894,2448.279297,1817.905457,693.637241,486.4124756,0.052005014,NaN,2.461545535,0.013988227,5000,0.82141,0.82141,0.82141,35886.48592,2400.941817,38287.42774,,,7.180000067,630.3738403,2863.001923,3428.170635
2018-07-19T08:36:49Z,1531989409,1A003,40.8656538,44.1349812,2922.08,28.9,35,137,529730.94,-81076.27,131.4,Weapon+Missile,Red,Allies,R-77,,xu,,825.1670116,714.0206909,2.507942192,2922.078369,2236.641174,675.5849585,473.7990723,0.052396452,NaN,2.307675034,0.013988227,5000,0.809586167,0.809586167,0.809586167,34045.02985,2865.579984,36910.60984,,,8.180000067,685.4371948,3535.772989,4251.267017
2018-07-19T08:36:50Z,1531989410,1A003,40.8709388,44.1309119,3358.21,26.8,35,137,530197.38,-81487.67,131.4,Weapon+Missile,Red,Allies,R-77,,xu,,759.6221187,646.5904541,2.320964541,3358.205322,2576.207153,621.9477823,436.1269531,0.055163398,NaN,2.138450267,0.013988227,5000,0.817338288,0.817338288,0.817338288,28851.28816,3293.274422,32144.56258,,,9.180000067,781.9981689,4155.048786,5008.95227
2018-07-19T08:36:51Z,1531989411,1A003,40.8758243,44.1271496,3761.41,24.8,35,137,530628.56,-81868.02,131.4,Weapon+Missile,Red,Allies,R-77,,xu,,702.2534716,589.4614868,2.156297051,3761.412354,2927.794861,574.9643713,403.2070313,0.05189439,NaN,1.907699156,0.013988227,5000,0.817907274,0.817907274,0.817907274,24657.99692,3688.685446,28346.68236,,,10.18000007,833.6174927,4727.577036,5709.473864
2018-07-19T08:36:52Z,1531989412,1A003,40.8803698,44.1236485,4136.62,22.9,35,137,531029.75,-82221.95,131.4,Weapon+Missile,Red,Allies,R-77,,xu,,653.4489792,541.9376221,2.015767653,4136.616211,3244.310974,534.9931157,375.2038574,0.052326994,NaN,1.923108063,0.013988227,5000,0.811965227,0.811965227,0.811965227,21349.77842,4056.634736,25406.41316,,,11.18000007,892.3052368,5260.328438,6361.358485
2018-07-19T08:36:53Z,1531989413,1A003,40.884613,44.1203796,4486.9,21.3,35,137,531404.38,-82552.38,131.4,Weapon+Missile,Red,Allies,R-77,,xu,,610.1038236,500.8292847,1.890296247,4486.900391,3560.676514,499.5274457,350.2841797,0.051567176,NaN,1.584603887,0.013988227,5000,0.81768024,0.81768024,0.81768024,18611.33378,4400.146172,23011.47995,,,12.18000007,926.223877,5757.715106,6969.985713
2018-07-19T08:36:54Z,1531989414,1A003,40.8885863,44.1173184,4814.94,19.7,35,137,531755.19,-82861.82,131.4,Weapon+Missile,Red,Allies,R-77,,xu,,571.3472504,464.9017029,1.777535529,4814.942871,3866.307068,467.7882123,328.0424805,0.052892008,NaN,1.446142293,0.013988227,5000,0.816410601,0.816410601,0.816410601,16321.88403,4721.845951,21043.72998,,,13.18000007,948.6358032,6223.497784,7539.969828
2018-07-19T08:36:55Z,1531989415,1A003,40.8923002,44.1144565,5121.59,18.2,35,137,532083.12,-83151.08,131.4,Weapon+Missile,Red,Allies,R-77,,xu,,534.0837498,431.4154968,1.668077163,5121.589844,4152.924133,437.2791854,306.6469727,0.053763069,NaN,1.538431809,0.013988227,5000,0.819819033,0.819819033,0.819819033,14262.27259,5022.563904,19284.8365,,,14.18000007,968.6657104,6658.919131,8072.810889
2018-07-19T08:36:56Z,1531989416,1A003,40.8957745,44.111779,5408.49,16.9,35,137,532389.88,-83421.7,131.4,Weapon+Missile,Red,Allies,R-77,,xu,,499.6440399,400.9706726,1.5662437,5408.488281,4384.197266,409.0641186,286.8984375,0.055864419,NaN,1.33844387,0.013988227,5000,0.811036706,0.811036706,0.811036706,12482.20833,5303.91516,17786.12349,,,15.18000007,1024.291016,7066.2826,8571.338513
2018-07-19T08:36:57Z,1531989417,1A003,40.8990504,44.1092541,5679.02,15.6,35,137,532679.25,-83676.91,131.4,Weapon+Missile,Red,Allies,R-77,,xu,,471.2271255,375.5331726,1.482315765,5679.021973,4652.459839,385.8322506,270.5336914,0.052845741,NaN,1.246154354,0.013988227,5000,0.822332442,0.822332442,0.822332442,11102.75019,5569.218083,16671.96827,,,16.18000007,1026.562134,7450.411829,9041.445265
2018-07-19T08:36:58Z,1531989418,1A003,40.9021318,44.1068788,5933.53,14.5,35,137,532951.38,-83916.98,131.4,Weapon+Missile,Red,Allies,R-77,,xu,,443.2358389,350.6555176,1.398869588,5933.525879,4910.89856,362.8853408,254.5039063,0.048698762,NaN,1.138455931,0.013988227,5000,0.813279927,0.813279927,0.813279927,9822.900443,5818.801156,15641.7016,,,17.18000007,1022.627319,7811.776094,9483.70563
2018-07-19T08:36:59Z,1531989419,1A003,40.9050226,44.1046502,6172.3,13.4,35,137,533206.75,-84142.22,131.4,Weapon+Missile,Red,Allies,R-77,,xu,,415.8861896,326.151947,1.316645581,6172.29541,5092.859375,340.5149536,238.7695313,0.055007819,NaN,0.984640071,0.013988227,5000,0.820428491,0.820428491,0.820428491,8648.066135,6052.954078,14701.02021,,,18.18000007,1079.436035,8150.797109,9898.6326
2018-07-19T08:37:00Z,1531989420,1A003,40.9077505,44.1025471,6397.62,12.4,35,137,533447.69,-84354.77,131.4,Weapon+Missile,Red,Allies,R-77,,xu,,392.4314945,304.4651184,1.246068494,6397.62207,5245.5448,321.2948398,225.3266602,0.053722602,NaN,0.938467992,0.013988227,5000,0.8184582,0.8184582,0.8184582,7700.123893,6273.924048,13974.04794,,,19.18000007,1152.077271,8470.739685,10290.21553
2018-07-19T08:37:01Z,1531989421,1A003,40.9103042,44.1005779,6608.59,11.5,35,137,533673.25,-84553.77,131.4,Weapon+Missile,Red,Allies,R-77,,xu,,367.4047152,281.4038086,1.169853742,6608.588379,5404.497559,300.7980077,210.9663086,0.05452777,NaN,0.969231164,0.013988227,5000,0.813092291,0.813092291,0.813092291,6749.311238,6480.811323,13230.12256,,,20.18000007,1204.09082,8770.287912,10656.84749
2018-07-19T08:37:02Z,1531989422,1A003,40.9127167,44.0987175,6807.89,10.6,35,137,533886.44,-84741.78,131.4,Weapon+Missile,Red,Allies,R-77,,xu,,347.1567613,262.2335815,1.108308448,6807.89209,5580.234375,284.2461041,199.3037109,0.053693703,NaN,0.969231164,0.013988227,5000,0.818883002,0.818883002,0.818883002,6025.890846,6676.261496,12702.15234,,,21.18000007,1227.657715,9053.278289,11003.22022
2018-07-19T08:37:03Z,1531989423,1A003,40.9149659,44.096983,6993.72,9.8,35,137,534085.19,-84917.08,131.4,Weapon+Missile,Red,Allies,R-77,,xu,,323.6725494,240.5737457,1.035897874,6993.723633,5773.712036,265.0104845,185.831543,0.047878667,NaN,0.769243225,0.013988227,5000,0.819952011,0.819952011,0.819952011,5238.195962,6858.499986,12096.69595,,,22.18000007,1220.011597,9317.122961,11326.17237
2018-07-19T08:37:04Z,1531989424,1A003,40.9170824,44.0953505,7168.6,9.1,35,137,534272.19,-85082.03,131.4,Weapon+Missile,Red,Allies,R-77,,xu,,304.5677377,222.9557495,0.977040365,7168.603516,6009.675781,249.356238,174.8798828,0.053448376,NaN,0.723071146,0.013988227,5000,0.815406501,0.815406501,0.815406501,4638.075343,7029.998567,11668.07391,,,23.18000007,1158.927734,9565.424337,11630.10249
