ISOTime,UnixTime,Id,Longitude,Latitude,Altitude,Roll,Pitch,Yaw,U,V,Heading,Type,Color,Coalition,Name,Group,Country,Pilot,TAS,CAS,M,ASL,AGL,GS,VS,AOA,AOS,RRT,TRT,TRD,G,LatG,LonG,Ek,Ep,Em,FFW,FFV,RelativeTime,Elev,GroundDistance,AirDistance
2018-07-19T08:37:02Z,1531989422,1D40C,40.9348562,44.1584096,877.74,-15.7,1.1,40,535015.38,-77938.32,34.4,Weapon+Missile,Red,Allies,R-27ER,,xu,,295.387458,285.3283997,0.87643728,877.7376709,118.1520996,NaN,NaN,NaN,NaN,NaN,NaN,NaN,NaN,NaN,NaN,NaN,860.766613,NaN,,,0.309999943,759.5855713,NaN,NaN
2018-07-19T08:37:03Z,1531989423,1D40C,40.9374605,44.1605773,859.06,-12.7,0.5,40,535200.25,-77677.27,34.4,Weapon+Missile,Red,Allies,R-27ER,,xu,,320.4325166,310.087677,0.950544009,859.0646362,72.0604248,319.8879733,-18.67303467,4.003927148,NaN,2.87691666,4.182475632,5000,1.912501097,1.912501097,1.912501097,5133.849886,842.4546215,5976.304507,,,1.309999943,787.0042114,318.5682505,319.1583454
2018-07-19T08:37:04Z,1531989424,1D40C,40.94151,44.1642317,839.02,-10,-0.5,36.8,535484.69,-77239.8,31.2,Weapon+Missile,Red,Allies,R-27ER,,xu,,522.1929231,502.1364746,1.548697802,839.0184326,26.75585938,521.8080094,-20.04620361,0.612558391,NaN,2.553847004,1.393423798,5000,2.512363195,2.512363195,2.512363195,13634.27245,822.7960112,14457.06846,,,2.309999943,812.2625732,838.2487039,839.2944144
2018-07-19T08:37:05Z,1531989425,1D40C,40.9472491,44.169603,831.01,-8.2,-0.9,38.5,535885.56,-76598.43,32.9,Weapon+Missile,Red,Allies,R-27ER,,xu,,756.3840424,720.2058105,2.243045723,831.006897,58.50024414,756.3416125,-8.011535645,0.044562206,NaN,1.83076732,0.697958302,5000,2.071834087,2.071834087,2.071834087,28605.84098,814.9393786,29420.78036,,,3.309999943,772.5066528,1591.591076,1592.778005
2018-07-19T08:37:06Z,1531989426,1D40C,40.954814,44.1763365,812.76,-6.6,-1.1,39.1,536417.69,-75791.48,33.5,Weapon+Missile,Red,Allies,R-27ER,,xu,,966.7797952,918.1544189,2.866371208,812.7637939,77.68774414,966.6076565,-18.24310303,0.036671326,NaN,1.369211311,0.843742126,5000,0.974842787,0.974842787,0.974842787,46733.15862,797.049006,47530.20763,,,4.309999943,735.0760498,2554.235761,2555.719561
2018-07-19T08:37:07Z,1531989427,1D40C,40.9625319,44.1831703,793.69,-5.4,-1.1,39.2,536960.75,-74972.12,33.5,Weapon+Missile,Red,Allies,R-27ER,,xu,,983.1737335,934.4006348,2.914339347,793.6869507,158.2793579,982.988639,-19.07684326,0.045388507,NaN,1.138447393,0.019782341,5000,1.034447312,1.034447312,1.034447312,48331.52951,778.3410135,49109.87053,,,5.309999943,635.4075928,3533.19227,3534.985189
2018-07-19T08:37:08Z,1531989428,1D40C,40.9701704,44.1899309,775.15,-4.5,-1.1,39.2,537498.12,-74161.46,33.5,Weapon+Missile,Red,Allies,R-27ER,,xu,,972.7687769,925.3768921,2.882884115,775.149231,168.0901489,972.5921274,-18.53771973,0.051689391,NaN,0.876924572,0.019782341,5000,1.030640841,1.030640841,1.030640841,47313.95467,760.1617206,48074.11639,,,6.309999943,607.059082,4501.781084,4503.870483
2018-07-19T08:37:09Z,1531989429,1D40C,40.9777213,44.1966116,757.13,-3.7,-1.1,39.2,538029.25,-73360.31,33.5,Weapon+Missile,Red,Allies,R-27ER,,xu,,961.3829599,915.3898315,2.848553122,757.1322632,192.8851318,961.21412,-18.01696777,0.057190143,NaN,0.769238956,0.019782341,5000,1.025738358,1.025738358,1.025738358,46212.85978,742.4931109,46955.35289,,,7.309999943,564.2471313,5459.013166,5461.387068
2018-07-19T08:37:10Z,1531989430,1D40C,40.9852266,44.2032497,739.49,-3.1,-1,39.2,538556.94,-72564.2,33.5,Weapon+Missile,Red,Allies,R-27ER,,xu,,955.284282,910.3640747,2.829910864,739.486145,180.486145,955.1212875,-17.64611816,0.070838749,NaN,0.584630469,0.05417618,5000,1.027204156,1.027204156,1.027204156,45628.40297,725.1881804,46353.59115,,,8.309999943,559,6410.226731,6412.875878
2018-07-19T08:37:11Z,1531989431,1D40C,40.9926392,44.2098036,722.32,-2.5,-1,39.2,539078.12,-71778.09,33.5,Weapon+Missile,Red,Allies,R-27ER,,xu,,943.3446719,899.7888794,2.793991941,722.3161011,166.5519409,943.1884009,-17.17004395,0.063152017,NaN,0.523045214,0.05417618,5000,1.022953749,1.022953749,1.022953749,44494.9585,708.3501193,45203.30862,,,9.309999943,555.7641602,7349.461535,7352.375224
2018-07-19T08:37:12Z,1531989432,1D40C,41.0000177,44.2163251,705.45,-2.1,-1,39.2,539596.75,-70995.8,33.5,Weapon+Missile,Red,Allies,R-27ER,,xu,,938.7332991,896.1149902,2.779797467,705.453064,147.453064,938.5818263,-16.86303711,0.05268584,NaN,0.399975878,0.013988227,5000,1.026196122,1.026196122,1.026196122,44061.01034,691.813129,44752.82347,,,10.30999994,558,8284.143646,8287.314039
2018-07-19T08:37:13Z,1531989433,1D40C,41.0072757,44.2227381,689.12,-1.7,-1,39.2,540106.75,-70226.48,33.5,Weapon+Missile,Red,Allies,R-27ER,,xu,,923.1644128,882.0440063,2.733183773,689.1199951,114.9437256,923.0199152,-16.33306885,0.052729556,NaN,0.399975878,0.013988227,5000,1.028177857,1.028177857,1.028177857,42611.62665,675.79586,43287.42251,,,11.30999994,574.1762695,9203.341829,9206.757796
2018-07-19T08:37:14Z,1531989434,1D40C,41.0139937,44.228672,674.27,-1.4,-1,39.2,540578.75,-69514.54,33.5,Weapon+Missile,Red,Allies,R-27ER,,xu,,854.318231,817.5115967,2.528923416,674.2661743,55.93151855,854.1890914,-14.8538208,0.054426975,NaN,0.338495851,0.031278628,5000,1.094310522,1.094310522,1.094310522,36492.98199,661.2292378,37154.21123,,,12.30999994,618.3346558,10053.94645,10057.58299
2018-07-19T08:37:15Z,1531989435,1D40C,41.0201877,44.2341429,661.5,-1.2,-0.9,39.2,541013.81,-68858.12,33.5,Weapon+Missile,Red,Allies,R-27ER,,xu,,787.611575,754.9700317,2.331120449,661.5015259,25.26416016,787.5081313,-12.76464844,0.037489016,NaN,0.199987939,0.052339163,5000,1.028578043,1.028578043,1.028578043,31016.59966,648.7113939,31665.31105,,,13.30999994,636.2373657,10838.16735,10841.98988
2018-07-19T08:37:16Z,1531989436,1D40C,41.0259263,44.2392123,649.93,-1,-0.9,39.2,541416.75,-68249.84,33.5,Weapon+Missile,Red,Allies,R-27ER,,xu,,729.7185837,700.7561035,2.159486872,649.925354,-17.52972412,729.6267564,-11.57617188,0.046718763,NaN,0.199987939,0.029673513,5000,0.951456964,0.951456964,0.951456964,26624.46057,637.3590473,27261.81962,,,14.30999994,667.4550781,11564.75933,11568.74876
2018-07-19T08:37:17Z,1531989437,1D40C,41.0312615,44.2439244,638.68,-0.8,-1,39.2,541791.31,-67684.41,33.5,Weapon+Missile,Red,Allies,R-27ER,,xu,,678.3319407,652.7011108,2.007158324,638.6815186,-2.459899902,678.238747,-11.24383545,0.048804904,NaN,0.199987939,0.052339163,5000,0.959494233,0.959494233,0.959494233,23006.71109,626.3326114,23633.0437,,,15.30999994,641.1414185,12240.16983,12244.32107
2018-07-19T08:37:18Z,1531989438,1D40C,41.0362404,44.248321,627.83,-0.7,-1,39.2,542140.88,-67156.8,33.5,Weapon+Missile,Red,Allies,R-27ER,,xu,,633.0019959,610.3569946,1.872796636,627.8330688,-30.07617188,632.9090282,-10.84844971,0.033501751,NaN,0.092327296,0.01713201,5000,0.969651043,0.969651043,0.969651043,20034.57634,615.6939165,20650.27026,,,16.30999994,657.9092407,12870.39431,12874.70148
2018-07-19T08:37:19Z,1531989439,1D40C,41.0408865,44.252423,617.43,-0.5,-1,39.2,542467,-66664.52,33.5,Weapon+Missile,Red,Allies,R-27ER,,xu,,590.5985104,570.7577515,1.747134262,617.4284668,-42.98260498,590.5068541,-10.40460205,0.042352851,NaN,0.199987939,0.013988227,5000,0.979210734,0.979210734,0.979210734,17440.33002,605.4904874,18045.82051,,,17.30999994,660.4110718,13458.40602,13462.86262
2018-07-19T08:37:20Z,1531989440,1D40C,41.045222,44.25625,607.51,-0.4,-1,39.2,542771.19,-66205.21,33.5,Weapon+Missile,Red,Allies,R-27ER,,xu,,550.9892566,533.7559204,1.629775897,607.5123291,-71.65338135,550.9000192,-9.916137695,0.054307595,NaN,0.199987939,0.013988227,5000,0.986263275,0.986263275,0.986263275,15179.45805,595.7660782,15775.22412,,,18.30999994,679.1657104,14007.02574,14011.62462
2018-07-19T08:37:21Z,1531989441,1D40C,41.049292,44.2598421,598.05,-0.3,-1.1,39.2,543056.75,-65774.07,33.5,Weapon+Missile,Red,Allies,R-27ER,,xu,,517.2211055,502.1908875,1.529727579,598.0523071,-66.12481689,517.1345859,-9.460021973,0.053506185,NaN,0.199987939,0.05417618,5000,0.984363735,0.984363735,0.984363735,13375.8836,586.4889658,13962.37256,,,19.30999994,664.177124,14521.99126,14526.72569
2018-07-19T08:37:22Z,1531989442,1D40C,41.0530968,44.2631996,589.09,-0.3,-1.1,39.2,543323.75,-65371.06,33.5,Weapon+Missile,Red,Allies,R-27ER,,xu,,483.5160902,470.5971375,1.429895678,589.0877075,-43.75256348,483.4329793,-8.964599609,0.043586113,NaN,0,0.05417618,5000,0.98909688,0.98909688,0.98909688,11689.39047,577.6976967,12267.08817,,,20.30999994,632.840271,15003.35356,15008.21625
2018-07-19T08:37:23Z,1531989443,1D40C,41.0566747,44.2663564,580.57,-0.2,-1.1,39.2,543574.75,-64992.13,33.5,Weapon+Missile,Red,Allies,R-27ER,,xu,,454.596796,443.3945618,1.34424242,580.5730591,-43.55987549,454.5170489,-8.514648438,0.03895883,NaN,0,0.019782341,5000,0.991100848,0.991100848,0.991100848,10332.91235,569.347679,10902.26003,,,21.30999994,624.1329346,15455.95143,15460.9357
2018-07-19T08:37:24Z,1531989444,1D40C,41.0600342,44.26932,572.51,-0.2,-1.1,39.2,543810.38,-64636.38,33.5,Weapon+Missile,Red,Allies,R-27ER,,xu,,426.781286,417.0740356,1.261875843,572.506897,-38.58856201,426.705054,-8.066162109,0.03283593,NaN,0,0.019782341,5000,0.993710399,0.993710399,0.993710399,9107.113305,561.4374761,9668.550781,,,22.30999994,611.095459,15880.86835,15885.96757
2018-07-19T08:37:25Z,1531989445,1D40C,41.0631922,44.2721056,564.87,-0.1,-1.1,39.2,544031.94,-64301.98,33.5,Weapon+Missile,Red,Allies,R-27ER,,xu,,401.2146157,392.6878357,1.186178857,564.871521,-46.37091064,401.1419561,-7.635375977,0.031808211,NaN,0.199987939,0.019782341,5000,0.995906472,0.995906472,0.995906472,8048.658394,553.9497301,8602.608124,,,23.30999994,611.2424316,16280.27137,16285.47917
2018-07-19T08:37:26Z,1531989446,1D40C,41.0661408,44.2747061,557.71,-0.1,-1.1,39.2,544238.69,-63989.79,33.5,Weapon+Missile,Red,Allies,R-27ER,,xu,,374.5134505,366.929657,1.107147237,557.7099609,-73.89605713,374.4449714,-7.161560059,0.028594404,NaN,0,0.019782341,5000,0.995808899,0.995808899,0.995808899,7013.016229,546.9266388,7559.942868,,,24.30999994,631.6060181,16653.14678,16658.45615
2018-07-19T08:37:27Z,1531989447,1D40C,41.0688971,44.2771368,550.98,-0.1,-1.1,39.2,544431.94,-63697.98,33.5,Weapon+Missile,Red,Allies,R-27ER,,xu,,350.0648666,343.0453796,1.034792209,550.9784546,-74.66601563,350.0001395,-6.731506348,0.034164141,NaN,0,0.019782341,5000,0.998404384,0.998404384,0.998404384,6127.270542,540.3252862,6667.595828,,,25.30999994,625.6444702,17001.68268,17007.08734
2018-07-19T08:37:28Z,1531989448,1D40C,41.0714735,44.2794085,544.67,-0.1,-1.1,39.2,544612.56,-63425.24,33.5,Weapon+Missile,Red,Allies,R-27ER,,xu,,327.1869928,320.546936,0.967095647,544.6723022,-69.22576904,327.1262152,-6.306152344,0.032909003,NaN,0,0.019782341,5000,0.998062253,0.998062253,0.998062253,5352.566412,534.1410633,5886.707475,,,26.30999994,613.8980713,17327.43304,17332.9267
2018-07-19T08:37:29Z,1531989449,1D40C,41.0739049,44.2815521,538.7,-0.1,-1.1,39.2,544783.06,-63167.88,33.5,Weapon+Missile,Red,Allies,R-27ER,,xu,,308.7745927,302.4250793,0.912610369,538.7023315,-60.88494873,308.7168744,-5.969970703,0.028677807,NaN,0,0.019782341,5000,0.998283923,0.998283923,0.998283923,4767.087454,528.286522,5295.373976,,,27.30999994,599.5872803,17634.82648,17640.40422
2018-07-19T08:37:30Z,1531989450,1D40C,41.076191,44.2835676,533.07,0,-1.1,39.2,544943.38,-62925.89,33.5,Weapon+Missile,Red,Allies,R-27ER,,xu,,290.3243725,284.2768555,0.858024054,533.0715332,-47.78570557,290.2697632,-5.63079834,0.033663128,NaN,0.153836884,0.019782341,5000,0.9996925,0.9996925,0.9996925,4214.412065,522.7645951,4737.17666,,,28.30999994,580.8572388,17923.84814,17929.505
2018-07-19T08:37:31Z,1531989451,1D40C,41.078362,44.2854812,527.72,0,-1.1,39.2,545095.5,-62696.12,33.5,Weapon+Missile,Red,Allies,R-27ER,,xu,,275.6169008,269.8300171,0.814507957,527.7214966,-42.95477295,275.5649708,-5.350036621,0.033080469,NaN,0,0.019782341,5000,0.998649597,0.998649597,0.998649597,3798.2338,517.5180014,4315.751802,,,29.30999994,570.6762695,18198.2741,18204.00592
2018-07-19T08:37:32Z,1531989452,1D40C,41.0804332,44.2873067,522.6,0,-1.1,39.2,545240.75,-62476.92,33.5,Weapon+Missile,Red,Allies,R-27ER,,xu,,263.0090991,257.4582214,0.77720381,522.6015625,-40.63049316,262.9592602,-5.119934082,0.034184051,NaN,0,0.019782341,5000,1.00050211,1.00050211,1.00050211,3458.689312,512.4970613,3971.186373,,,30.30999994,563.2320557,18460.07339,18465.87683
2018-07-19T08:37:33Z,1531989453,1D40C,41.0824007,44.2890407,517.74,0,-1.1,39.2,545378.62,-62268.71,33.5,Weapon+Missile,Red,Allies,R-27ER,,xu,,249.7664838,244.4643555,0.738030417,517.7422485,-49.58361816,249.7192093,-4.859313965,0.03802322,NaN,0,0.019782341,5000,0.999140561,0.999140561,0.999140561,3119.164821,507.7317022,3626.896523,,,31.30999994,567.3258667,18708.75158,18714.62276
2018-07-19T08:37:34Z,1531989454,1D40C,41.0842877,44.2907037,513.07,0,-1.1,39.2,545510.88,-62069.02,33.5,Weapon+Missile,Red,Allies,R-27ER,,xu,,239.5557729,234.4590302,0.707821313,513.0723267,-81.87756348,239.5102506,-4.669921875,0.034871808,NaN,0,0.019782341,5000,0.999706149,0.999706149,0.999706149,2869.348416,503.1520732,3372.50049,,,32.30999994,594.9498901,18947.25073,18953.1869
2018-07-19T08:37:35Z,1531989455,1D40C,41.0860898,44.2922917,508.61,0,-1.1,39.2,545637.19,-61878.34,33.5,Weapon+Missile,Red,Allies,R-27ER,,xu,,228.7652006,223.8841248,0.675903772,508.6084595,-103.6226196,228.721645,-4.463867188,0.030781898,NaN,0,0.019782341,5000,0.999342144,0.999342144,0.999342144,2616.67585,498.7745149,3115.450364,,,33.30999994,612.2310791,19174.99473,19180.99288
2018-07-19T08:37:36Z,1531989456,1D40C,41.0878248,44.2938205,504.3,0,-1.1,39.2,545758.75,-61694.76,33.5,Weapon+Missile,Red,Allies,R-27ER,,xu,,220.2233716,215.522934,0.650634401,504.303833,-102.5864868,220.1812971,-4.304626465,0.040165101,NaN,0,0.019782341,5000,1.001353621,1.001353621,1.001353621,2424.916671,494.5531184,2919.469789,,,34.30999994,606.8903198,19394.25163,19400.30944
2018-07-19T08:37:37Z,1531989457,1D40C,41.089479,44.2952778,500.21,0,-1.1,39.2,545874.75,-61519.75,33.5,Weapon+Missile,Red,Allies,R-27ER,,xu,,210.0076868,205.515686,0.620423952,500.2099915,-109.080719,209.9677808,-4.093841553,0.036177162,NaN,0,0.019782341,5000,0.999126256,0.999126256,0.999126256,2205.161427,490.5384313,2695.699858,,,35.30999994,609.2907104,19603.27861,19609.39296
2018-07-19T08:37:38Z,1531989458,1D40C,41.0910721,44.2966813,496.26,0,-1.1,39.2,545986.31,-61351.2,33.5,Weapon+Missile,Red,Allies,R-27ER,,xu,,202.1596704,197.8368835,0.597211751,496.2592163,-120.2837524,202.121062,-3.950775146,0.039437174,NaN,0,0.019782341,5000,1.000387669,1.000387669,1.000387669,2043.426617,486.6640444,2530.090662,,,36.30999994,616.5429688,19804.57462,19810.74346
2018-07-19T08:37:39Z,1531989459,1D40C,41.0926045,44.2980313,492.46,0,-1.1,39.2,546093.75,-61189.08,33.5,Weapon+Missile,Red,Allies,R-27ER,,xu,,194.5296022,190.3721924,0.574646457,492.4599915,-129.0415955,194.4924987,-3.799224854,0.034236425,NaN,0,0.019782341,5000,0.999665022,0.999665022,0.999665022,1892.088307,482.9382775,2375.026585,,,37.30999994,621.5015869,19998.2011,20004.42221
2018-07-19T08:37:40Z,1531989460,1D40C,41.0940764,44.2993279,488.81,0,-1.1,39.2,546196.88,-61033.38,33.5,Weapon+Missile,Red,Allies,R-27ER,,xu,,186.7928482,182.802063,0.551768899,488.8076782,-136.0730591,186.7571384,-3.652313232,0.038359783,NaN,0,0.019782341,5000,0.999568999,0.999568999,0.999568999,1744.578408,479.3565818,2223.934989,,,38.30999994,624.8807373,20184.17038,20190.44165
2018-07-19T08:37:41Z,1531989461,1D40C,41.0954892,44.3005723,485.3,0,-1.1,39.2,546295.88,-60883.93,33.5,Weapon+Missile,Red,Allies,R-27ER,,xu,,179.2932219,175.4650879,0.529594522,485.2969055,-141.0909119,179.2588461,-3.510772705,0.041060753,NaN,0,0.019782341,5000,1.000878811,1.000878811,1.000878811,1607.302971,475.9136898,2083.216661,,,39.30999994,626.3878174,20362.65706,20368.97648
2018-07-19T08:37:42Z,1531989462,1D40C,41.0968565,44.3017766,481.91,0,-1.1,39.2,546391.62,-60739.29,33.5,Weapon+Missile,Red,Allies,R-27ER,,xu,,173.4948406,169.798111,0.512447548,481.9076843,-153.3990784,173.4617332,-3.389221191,0.032401679,NaN,0,0.019782341,5000,0.991098821,0.991098821,0.991098821,1505.022986,472.5899992,1977.612985,,,40.30999994,635.3067627,20535.403,20541.76877
2018-07-19T08:37:43Z,1531989463,1D40C,41.0981681,44.3029317,478.57,0.2,-1.6,39.2,546483.56,-60600.57,33.5,Weapon+Missile,Red,Allies,R-27ER,,xu,,166.4593603,162.9166565,0.491648325,478.567688,-168.4098511,166.4258485,-3.339996338,0.165131118,NaN,0.353846168,1.073243312,4627.004332,0.405955017,0.405955017,0.405955017,1385.435931,469.3145817,1854.750513,,,41.30999994,646.9775391,20701.08817,20707.50007
2018-07-19T08:37:44Z,1531989464,1D40C,41.0994321,44.3040447,469.57,1.5,-5,39.3,546572.06,-60466.9,33.5,Weapon+Missile,Red,Allies,R-27ER,,xu,,160.562297,157.1931458,0.474182432,469.5746155,-190.7500916,160.3102488,-8.99307251,0.094421012,NaN,1.246153713,2.777001451,2705.458586,0.041237865,0.041237865,0.041237865,1289.012561,460.4953903,1749.507951,,,42.30999994,660.324707,20860.74417,20867.421
2018-07-19T08:37:45Z,1531989465,1D40C,41.1006501,44.3051164,451.67,2.7,-8.4,39.3,546657.44,-60338.17,33.6,Weapon+Missile,Red,Allies,R-27ER,,xu,,155.5021448,152.3508606,0.459144938,451.6723022,-225.595459,154.4681981,-17.90231323,0.063812789,NaN,1.107692332,3.427317422,2591.310003,0.052726373,0.052726373,0.052726373,1209.045851,442.9392183,1651.98507,,,43.30999994,677.2677612,21014.52943,21022.2558
2018-07-19T08:37:46Z,1531989466,1D40C,41.1018228,44.3061467,425.34,3.7,-11.8,39.3,546739.62,-60214.4,33.6,Weapon+Missile,Red,Allies,R-27ER,,xu,,150.8836067,147.9936066,0.445374587,425.3446045,-269.7855225,148.56889,-26.32769775,0.072674639,NaN,0.938461589,3.385038338,2592.655636,0.069060303,0.069060303,0.069060303,1138.293138,417.1205666,1555.413704,,,44.30999994,695.130127,21162.45255,21172.5136
