ISOTime,UnixTime,Id,Longitude,Latitude,Altitude,Roll,Pitch,Yaw,U,V,Heading,Type,Color,Coalition,Name,Group,Country,Pilot,TAS,CAS,M,ASL,AGL,GS,VS,AOA,AOS,RRT,TRT,TRD,G,LatG,LonG,Ek,Ep,Em,FFW,FFV,RelativeTime,Elev,GroundDistance,AirDistance
2018-07-19T08:37:09Z,1531989429,2110C,40.9502092,44.1724855,864.34,10.4,-4,35.1,536091.12,-76255.16,29.5,Weapon+Missile,Red,Allies,R-73,,xu,,276.4081008,266.9223633,0.819997864,864.3391724,94.54772949,NaN,NaN,NaN,NaN,NaN,NaN,NaN,NaN,NaN,NaN,NaN,847.6271745,NaN,,,0.019999981,769.7914429,NaN,NaN
2018-07-19T08:37:10Z,1531989430,2110C,40.9529061,44.1747201,851.14,6.3,-1,48.7,536282.62,-75985.9,43.1,Weapon+Missile,Red,Allies,R-73,,xu,,330.6816048,320.2461243,0.980858118,851.1445923,99.06854248,330.4182604,-13.19458008,1.330728895,NaN,4.707694225,0.560834113,2543.318646,4.551112175,4.551112175,4.551112175,5467.516188,834.6877116,6302.203899,,,1.019999981,752.0760498,329.0063701,329.3150535
2018-07-19T08:37:11Z,1531989431,2110C,40.9569538,44.17731,841.72,5.5,-1.3,47,536578.25,-75666.65,41.3,Weapon+Missile,Red,Allies,R-73,,xu,,435.2052049,420.9022522,1.290753277,841.7176514,133.0256958,435.1030948,-9.426940918,0.054038606,NaN,0.569255286,3.210705656,5000,3.0607512,3.0607512,3.0607512,9470.178517,825.4430406,10295.62156,,,2.019999981,708.6919556,762.0827936,762.5515239
2018-07-19T08:37:12Z,1531989432,2110C,40.9617227,44.1807411,827.67,4.9,-1.8,43.3,536922.38,-75248.3,37.7,Weapon+Missile,Red,Allies,R-73,,xu,,541.87709,520.6536255,1.606867031,827.6723022,189.1221313,541.695033,-14.04534912,0.125972438,NaN,0.523083207,3.137490084,5000,2.767542362,2.767542362,2.767542362,14681.53903,811.6692583,15493.20829,,,3.019999981,638.5501709,1301.371172,1302.093324
2018-07-19T08:37:13Z,1531989433,2110C,40.9670469,44.1849415,806.79,4.1,-1.7,41.8,537302.5,-74740.14,36.2,Weapon+Missile,Red,Allies,R-73,,xu,,634.9502876,607.6665649,1.88241262,806.7883911,199.9971924,634.6067523,-20.88391113,0.084214363,NaN,0.953822257,1.657585312,5000,1.435024619,1.435024619,1.435024619,20158.09339,791.1891376,20949.28253,,,4.019999981,606.7911987,1933.262865,1934.410947
2018-07-19T08:37:14Z,1531989434,2110C,40.9729441,44.1897044,785.67,3.6,-1.9,41.7,537722.31,-74164.98,36.1,Weapon+Missile,Red,Allies,R-73,,xu,,712.3920371,680.4772339,2.111489708,785.6654053,191.4335327,712.0788116,-21.12298584,0.031843711,NaN,0.246160018,0.301641564,5000,0.919135094,0.919135094,0.919135094,25375.12072,770.4745647,26145.59529,,,5.019999981,594.2318726,2642.28163,2643.832761
2018-07-19T08:37:15Z,1531989435,2110C,40.9791046,44.1946913,762.64,3,-1.2,41.7,538160.62,-73562.84,36,Weapon+Missile,Red,Allies,R-73,,xu,,745.1253829,711.7973633,2.20792683,762.6422729,186.522583,744.7696097,-23.02313232,0.026485407,NaN,0.969231164,0.655747466,5000,2.653114796,2.653114796,2.653114796,27760.59181,747.8965846,28508.48839,,,6.019999981,576.1196899,3383.872804,3385.8712
2018-07-19T08:37:16Z,1531989436,2110C,40.984347,44.1989405,758.22,1.8,0.5,41.6,538533.5,-73049.8,36,Weapon+Missile,Red,Allies,R-73,,xu,,634.2494922,608.2373657,1.879288442,758.2199707,198.2199707,634.2340747,-4.422302246,0.045692001,NaN,1.169219103,1.470123727,5000,2.453632593,2.453632593,2.453632593,20113.62092,743.5597876,20857.1807,,,7.019999981,560,4015.380233,4017.469403
2018-07-19T08:37:17Z,1531989437,2110C,40.9887504,44.2025083,767.17,1.4,1,41.7,538846.69,-72619.01,36.1,Weapon+Missile,Red,Allies,R-73,,xu,,532.6778328,513.3220215,1.578492267,767.1668701,208.6687012,532.6026911,8.946899414,0.101593573,NaN,0.199987939,0.703265252,5000,1.053484082,1.053484082,1.053484082,14187.28368,752.3336987,14939.61738,,,8.019999981,558.4981689,4545.694431,4547.922472
2018-07-19T08:37:18Z,1531989438,2110C,40.9925712,44.205519,773.13,2,-0.2,43.7,539119.31,-72254.63,38,Weapon+Missile,Red,Allies,R-73,,xu,,455.1143801,440.7093506,1.348739491,773.1307373,220.1307373,455.0753028,5.963867188,0.296426445,NaN,1.030769461,2.928342648,5000,3.120253801,3.120253801,3.120253801,10356.45495,758.1822545,11114.6372,,,9.019999981,553,4998.785575,5001.10757
2018-07-19T08:37:19Z,1531989439,2110C,40.9961023,44.2079344,759.3,3.1,-3.1,50.5,539375.19,-71958.66,44.8,Weapon+Missile,Red,Allies,R-73,,xu,,391.4852766,380.6037598,1.15998971,759.3030396,202.9789429,391.2409956,-13.82769775,0.170339593,NaN,0.061526344,6.438855189,2757.485607,5.19739151,5.19739151,5.19739151,7663.036091,744.6219153,8407.658007,,,10.01999998,556.3240967,5388.259272,5390.873414
2018-07-19T08:37:20Z,1531989440,2110C,40.9995014,44.2096785,740.5,2.1,-3.2,59.4,539627.81,-71738.29,53.7,Weapon+Missile,Red,Allies,R-73,,xu,,335.7650149,326.6080017,0.994673623,740.4984131,181.4984131,335.2380218,-18.80462646,0.094866862,NaN,1.123047024,9.18845883,1911.987068,5.7342906,5.7342906,5.7342906,5636.907261,726.1808763,6363.088138,,,11.01999998,559,5721.815863,5724.998807
2018-07-19T08:37:21Z,1531989441,2110C,41.0027884,44.2108031,726.76,0.4,-2.1,69.9,539878.25,-71587.59,64.3,Weapon+Missile,Red,Allies,R-73,,xu,,292.6072304,284.3247681,0.866686273,726.7645874,166.7645874,292.2847469,-13.73382568,0.289755945,NaN,1.738474389,9.769847947,1762.693218,4.964007378,4.964007378,4.964007378,4280.949563,712.7125941,4993.662157,,,12.01999998,560,6012.445823,6015.986475
2018-07-19T08:37:22Z,1531989442,2110C,41.005987,44.2114615,718.76,-0.8,-1.1,78.8,540126.69,-71489.38,73.1,Weapon+Missile,Red,Allies,R-73,,xu,,267.2651141,259.551178,0.791551813,718.7607422,158.7607422,267.1452407,-8.003845215,0.586682502,NaN,1.461551199,11.27129343,1125.350153,6.20768261,6.20768261,6.20768261,3571.532059,704.8635032,4276.395563,,,13.01999998,560,6277.977017,6281.668348
2018-07-19T08:37:23Z,1531989443,2110C,41.0088656,44.2115629,725.74,-6.7,6.6,98.6,540355.62,-71455.55,92.9,Weapon+Missile,Red,Allies,R-73,,xu,,231.5274651,224.5069427,0.685763412,725.7446289,163.4221191,231.4221088,6.983886719,1.03893256,NaN,7.492280387,18.28055735,603.6014251,8.42788887,8.42788887,8.42788887,2680.248356,711.7123565,3391.960712,,,14.01999998,562.3225098,6507.94193,6511.765313
2018-07-19T08:37:24Z,1531989444,2110C,41.0108149,44.2111606,764.59,-18,21.8,109.4,540515.75,-71484.96,103.8,Weapon+Missile,Red,Allies,R-73,,xu,,167.3725928,161.6985016,0.495963079,764.5884399,192.5474854,162.8027738,38.84381104,1.340230645,NaN,13.16926042,15.4423986,714.3712979,4.541309834,4.541309834,4.541309834,1400.679241,749.8051225,2150.484363,,,15.01999998,572.0409546,6669.793219,6678.230933
2018-07-19T08:37:25Z,1531989445,2110C,41.0121834,44.2109064,821.83,-27.6,30.3,98.2,540627.88,-71502.48,92.6,Weapon+Missile,Red,Allies,R-73,,xu,,127.1049544,122.3409042,0.376888189,821.8322754,242.3817139,113.4848569,57.24383545,0.500455847,NaN,6.876962305,11.46504028,622.1882107,2.794872046,2.794872046,2.794872046,807.7834721,805.9421483,1613.72562,,,16.01999998,579.4505615,6782.596679,6804.740389
2018-07-19T08:37:26Z,1531989446,2110C,41.0132552,44.2108824,872.17,-28.5,27.9,84.8,540713.75,-71496.73,79.1,Weapon+Missile,Red,Allies,R-73,,xu,,99.70874594,95.68359375,0.295824604,872.1745605,282.7835693,86.06676677,50.34228516,0.975297876,NaN,2.092281603,9.766304787,569.2564087,1.300010085,1.300010085,1.300010085,497.0917009,855.3110654,1352.402766,,,17.01999998,589.3909912,6868.158845,6904.023693
2018-07-19T08:37:27Z,1531989447,2110C,41.0142319,44.2109653,906.91,-18.6,19.5,83.3,540790.94,-71479.86,77.7,Weapon+Missile,Red,Allies,R-73,,xu,,86.31043862,82.66657257,0.25617558,906.9138184,305.3395996,79.0106055,34.73925781,0.098648134,NaN,10.21539826,8.352637482,588.999485,0.35374859,0.35374859,0.35374859,372.4745907,889.3786397,1261.85323,,,18.01999998,601.5742188,6946.638163,6989.858054
2018-07-19T08:37:28Z,1531989448,2110C,41.0152001,44.2110292,928.48,-8.7,11.4,87.3,540867.56,-71465.16,81.6,Weapon+Missile,Red,Allies,R-73,,xu,,80.94919334,77.44338989,0.240322613,928.4822998,314.2426758,78.02289734,21.56848145,0.327161943,NaN,9.492311748,8.248958626,546.9160651,0.773194194,0.773194194,0.773194194,327.6385951,910.5300945,1238.16869,,,19.01999998,614.239624,7024.216004,7070.389121
2018-07-19T08:37:29Z,1531989449,2110C,41.0161117,44.2110238,940.19,-3.1,7.2,93.9,540940.5,-71458.61,88.3,Weapon+Missile,Red,Allies,R-73,,xu,,74.16070914,70.90047455,0.22019856,940.1900024,311.5996704,73.23073452,11.70770264,0.210458285,NaN,4.353840053,7.611591839,636.307603,0.877165377,0.877165377,0.877165377,274.990539,922.0114287,1197.001968,,,20.01999998,628.590332,7096.95674,7144.076537
2018-07-19T08:37:30Z,1531989450,2110C,41.0169284,44.2109613,946.39,2,1.9,96.9,541006.44,-71459.15,91.3,Weapon+Missile,Red,Allies,R-73,,xu,,66.2306845,63.29154587,0.1966667,946.3915405,304.4292603,65.93970348,6.201538086,0.166533328,NaN,6.830765467,6.350471687,504.4390279,0.191578284,0.191578284,0.191578284,219.3251785,928.0930601,1147.418239,,,21.01999998,641.9622803,7162.490676,7209.912897
2018-07-19T08:37:31Z,1531989451,2110C,41.0176612,44.2108979,944.21,8.5,-6.5,96.9,541065.69,-71460.45,91.3,Weapon+Missile,Red,Allies,R-73,,xu,,59.30435794,56.67316818,0.176095108,944.2092285,290.5228882,59.26419142,-2.182312012,0.164224201,NaN,6.353846655,8.388554886,397.8707692,0.126262903,0.126262903,0.126262903,175.8503435,925.9529431,1101.803287,,,22.01999998,653.6863403,7221.386162,7268.857524
2018-07-19T08:37:32Z,1531989452,2110C,41.0183266,44.2108403,934.09,14.2,-15.1,96.9,541119.5,-71461.61,91.2,Weapon+Missile,Red,Allies,R-73,,xu,,54.76833537,52.36089706,0.162607157,934.0884399,270.2007446,53.82508892,-10.12078857,0.190582469,NaN,5.569232089,8.534788382,371.7147967,0.160888433,0.160888433,0.160888433,149.978528,916.02784,1066.006368,,,23.01999998,663.8876953,7274.871338,7323.299575
2018-07-19T08:37:33Z,1531989453,2110C,41.0189381,44.2107874,916.97,18.9,-23.2,96.9,541168.94,-71462.69,91.2,Weapon+Missile,Red,Allies,R-73,,xu,,52.32723111,50.06773376,0.155328944,916.9738159,243.5751343,49.44925439,-17.11462402,0.118338299,NaN,4.430771035,8.123179838,379.618494,0.188080698,0.188080698,0.188080698,136.9069558,899.2441272,1036.151083,,,24.01999998,673.3986816,7324.013017,7375.342978
2018-07-19T08:37:34Z,1531989454,2110C,41.0195081,44.2107383,893.51,22.2,-30.8,96.9,541215,-71463.66,91.2,Weapon+Missile,Red,Allies,R-73,,xu,,51.70355674,49.52716446,0.153436229,893.5100098,212.2053223,46.0728508,-23.46380615,0.137375746,NaN,3.046151672,7.400005385,418.2386568,0.206225514,0.206225514,0.206225514,133.662889,876.2339937,1009.896883,,,25.01999998,681.3046875,7369.821045,7426.81648
2018-07-19T08:37:35Z,1531989455,2110C,41.0200412,44.2106926,864.38,24.4,-37.3,96.8,541258.06,-71464.56,91.2,Weapon+Missile,Red,Allies,R-73,,xu,,51.997976,49.87919998,0.154258319,864.3792114,176.4932861,43.07187129,-29.13079834,0.115078011,NaN,1.907692326,6.561555696,489.4836269,0.226231471,0.226231471,0.226231471,135.1894754,847.6664394,982.8559148,,,26.01999998,687.8859253,7412.658138,7478.625028
2018-07-19T08:37:36Z,1531989456,2110C,41.0205432,44.2106497,830.09,25.7,-43,96.8,541298.69,-71465.38,91.1,Weapon+Missile,Red,Allies,R-73,,xu,,53.16631312,51.08581161,0.157662263,830.0922852,137.2935181,40.63328116,-34.28692627,0.075437731,NaN,0.969231164,5.669364797,579.6534716,0.226757511,0.226757511,0.226757511,141.3328425,814.0424508,955.3752934,,,27.01999998,692.7987671,7452.999575,7531.572712
2018-07-19T08:37:37Z,1531989457,2110C,41.0210203,44.2106093,790.96,26,-47.8,96.7,541337.25,-71466.12,91.1,Weapon+Missile,Red,Allies,R-73,,xu,,54.94337568,52.89533615,0.162858948,790.9622803,93.44848633,38.56964154,-39.13000488,0.049535183,NaN,0.199998184,4.846309926,717.7322646,0.237507924,0.237507924,0.237507924,150.9387265,775.6690246,926.6077511,,,28.01999998,697.5137939,7491.337604,7586.357156
2018-07-19T08:37:38Z,1531989458,2110C,41.0214718,44.2105713,747.76,25.7,-51.8,96.7,541373.75,-71466.81,91,Weapon+Missile,Red,Allies,R-73,,xu,,56.55817009,54.56471634,0.167562429,747.763855,45.95739746,36.50647417,-43.19842529,0.102747791,NaN,0.446147957,4.196276981,767.3333714,0.241137087,0.241137087,0.241137087,159.9413302,733.3058408,893.247171,,,29.01999998,701.8064575,7527.610269,7642.767507
