ISOTime,UnixTime,Id,Longitude,Latitude,Altitude,Roll,Pitch,Yaw,U,V,Heading,Type,Color,Coalition,Name,Group,Country,Pilot,TAS,CAS,M,ASL,AGL,GS,VS,AOA,AOS,RRT,TRT,TRD,G,LatG,LonG,Ek,Ep,Em,FFW,FFV,RelativeTime,Elev,GroundDistance,AirDistance
2018-07-19T08:37:55Z,1531989475,2A00D,41.0229455,44.24336,1108.85,68.5,7.3,105.5,541133.38,-67812.47,99.8,Weapon+Missile,Red,Allies,R-77,,xu,,307.6715334,294.6456299,0.915318486,1108.849243,460.4962769,NaN,NaN,NaN,NaN,NaN,NaN,NaN,NaN,NaN,NaN,NaN,1087.409643,NaN,,,0.319999933,648.3529663,NaN,NaN
2018-07-19T08:37:56Z,1531989476,2A00D,41.0268539,44.2428644,1140.92,57.1,9.5,103.9,541450.94,-67836.83,98.2,Weapon+Missile,Red,Allies,R-77,,xu,,320.1064735,306.3829956,0.952665238,1140.924683,494.8978882,318.4954012,32.07543945,6.416991438,NaN,8.969240494,3.74079657,5000,2.21386075,2.21386075,2.21386075,5123.407719,1118.864904,6242.272623,,,1.319999933,646.0267944,316.5312407,318.2078003
2018-07-19T08:37:57Z,1531989477,2A00D,41.0319961,44.2423426,1173.09,54,2.9,98.7,541867.31,-67854.37,93,Weapon+Missile,Red,Allies,R-77,,xu,,417.9840466,399.7520447,1.244420352,1173.094604,531.3009644,416.7442373,32.16992188,1.003559986,NaN,1.600012794,7.128920727,4178.122533,4.012993813,4.012993813,4.012993813,8735.533161,1150.41282,9885.945981,,,2.319999933,641.7936401,730.7122266,733.7111533
2018-07-19T08:37:58Z,1531989478,2A00D,41.0383756,44.2417312,1161.37,51.4,-3.4,97.7,542383.5,-67872.11,92,Weapon+Missile,Red,Allies,R-77,,xu,,516.6254361,490.7625122,1.5378865,1161.367676,520.4223633,516.4923236,-11.72692871,0.167015219,NaN,5.446174278,5.417635186,5000,1.696237922,1.696237922,1.696237922,13345.09206,1138.912632,14484.00469,,,3.319999933,640.9453125,1244.003419,1247.230198
2018-07-19T08:37:59Z,1531989479,2A00D,41.0461505,44.2408989,1119.47,44.8,-4.2,99.3,543013.62,-67903.37,93.6,Weapon+Missile,Red,Allies,R-77,,xu,,632.2897289,597.3848267,1.881283748,1119.466187,477.1565552,630.899807,-41.90148926,0.003140189,NaN,6.307707019,1.919016353,5000,1.981771827,1.981771827,1.981771827,19989.51506,1097.821308,21087.33637,,,4.319999933,642.3096313,1870.937526,1875.674847
2018-07-19T08:38:00Z,1531989480,2A00D,41.0553246,44.2397253,1059.86,39,-4.8,101,543759.12,-67961.44,95.3,Weapon+Missile,Red,Allies,R-77,,xu,,750.1303799,707.2978516,2.230365708,1059.857666,400.8286743,747.7582572,-59.60852051,0.064700429,NaN,5.75386064,1.757093165,5000,2.167440653,2.167440653,2.167440653,28134.77935,1039.365318,29174.14466,,,5.319999933,659.0289917,2614.157905,2621.408353
2018-07-19T08:38:01Z,1531989481,2A00D,41.0657452,44.2381842,980.43,36.2,-5.7,102.4,544608.38,-68050.42,96.7,Weapon+Missile,Red,Allies,R-77,,xu,,857.5856503,809.4608765,2.54752956,980.4261475,315.8221436,853.8991635,-79.43151855,0.07884327,NaN,2.384610285,1.449067428,5000,2.030883312,2.030883312,2.030883312,36772.65738,961.4696079,37734.12699,,,6.319999933,664.6040039,3462.752701,3473.847717
2018-07-19T08:38:02Z,1531989482,2A00D,41.077225,44.2363037,888.77,32.9,-5.2,103.5,545545.94,-68168.62,97.8,Weapon+Missile,Red,Allies,R-77,,xu,,949.4192101,898.7091675,2.817356726,888.7669067,194.7418823,944.9843492,-91.65924072,0.079734618,NaN,3.338432542,1.328411496,5000,3.38175559,3.38175559,3.38175559,45069.84183,871.5825986,45941.42443,,,7.319999933,694.0250244,4401.956769,4417.650783
2018-07-19T08:38:03Z,1531989483,2A00D,41.0878684,44.2343794,819.59,29,-3.6,104.9,546417.31,-68298.19,99.2,Weapon+Missile,Red,Allies,R-77,,xu,,883.6663857,839.7676392,2.620156373,819.5899658,99.05267334,880.9545005,-69.17694092,0.054542581,NaN,4.015386251,2.244278499,5000,4.536041737,4.536041737,4.536041737,39043.31406,803.7431938,39847.05725,,,8.319999933,720.5372925,5277.468343,5296.007937
