ISOTime,UnixTime,Id,Longitude,Latitude,Altitude,Roll,Pitch,Yaw,U,V,Heading,Type,Color,Coalition,Name,Group,Country,Pilot,TAS,CAS,M,ASL,AGL,GS,VS,AOA,AOS,RRT,TRT,TRD,G,LatG,LonG,Ek,Ep,Em,FFW,FFV,RelativeTime,Elev,GroundDistance,AirDistance
2018-07-19T08:37:58Z,1531989478,2B505,40.834837,44.011153,2048.58,72.9,-3.6,15.5,528582.06,-95070.3,10,Weapon+Missile,Red,Allies,R-27ET,,xu,,385.521037,357.3636169,1.159573907,2048.584473,1171.256104,NaN,NaN,NaN,NaN,NaN,NaN,NaN,NaN,NaN,NaN,NaN,2008.975092,NaN,,,0.279999971,877.3283691,NaN,NaN
2018-07-19T08:37:59Z,1531989479,2B505,40.8366194,44.0158152,2012.65,59.1,-4.7,16.3,528675.38,-94538.66,10.8,Weapon+Missile,Red,Allies,R-27ET,,xu,,540.9625583,495.8821716,1.626422532,2012.646851,1145.920288,539.7675211,-35.93762207,0.576761913,NaN,12.7692299,1.522005869,5000,1.927954435,1.927954435,1.927954435,14632.02447,1973.732324,16605.7568,,,1.279999971,866.7265625,538.2478819,539.6172677
2018-07-19T08:38:00Z,1531989480,2B505,40.8392997,44.0224265,1931.36,48.1,-6.1,16.7,528820.06,-93783.59,11.2,Weapon+Missile,Red,Allies,R-27ET,,xu,,773.1008232,701.0103149,2.322128782,1931.360718,1002.717102,768.8156135,-81.28613281,0.083592028,NaN,10.41538279,1.597102493,5000,0.978139043,0.978139043,0.978139043,29884.24414,1894.017858,31778.262,,,2.279999971,928.6436157,1304.856199,1310.758765
2018-07-19T08:38:01Z,1531989481,2B505,40.8428239,44.030911,1825.03,39,-6.2,16.7,529012.31,-92813.91,11.2,Weapon+Missile,Red,Allies,R-27ET,,xu,,994.2482142,900.9191284,2.982648047,1825.031494,1013.681396,988.5462092,-106.3292236,0.036413615,NaN,8.307695691,0.117033984,5000,0.894571066,0.894571066,0.894571066,49426.47557,1789.74451,51216.22008,,,3.279999971,811.3500977,2290.57103,2302.480478
2018-07-19T08:38:02Z,1531989482,2B505,40.8464455,44.039641,1714.61,31.7,-6.2,16.7,529209.69,-91816.2,11.2,Weapon+Missile,Red,Allies,R-27ET,,xu,,1023.02301,931.4016724,3.064997832,1714.61377,950.2814941,1017.046708,-110.4177246,0.034077219,NaN,7.107713416,0.052339163,5000,0.912031412,0.912031412,0.912031412,52328.80397,1681.461712,54010.26568,,,4.279999971,764.3322754,3304.689339,3322.871994
2018-07-19T08:38:03Z,1531989483,2B505,40.8499468,44.0480914,1606.93,25.6,-6.3,16.7,529400.31,-90850.48,11.2,Weapon+Missile,Red,Allies,R-27ET,,xu,,990.2256033,906.4669189,2.963001129,1606.928345,820.0756226,984.3528812,-107.6854248,0.061314543,NaN,5.599990138,0.07401876,5000,0.921559572,0.921559572,0.921559572,49027.33727,1575.858385,50603.19566,,,5.279999971,786.8527222,4286.214666,4310.540911
2018-07-19T08:38:04Z,1531989484,2B505,40.8533276,44.0562597,1502.16,20.8,-6.3,16.7,529584.19,-89916.99,11.1,Weapon+Missile,Red,Allies,R-27ET,,xu,,957.1807025,880.8899536,2.860622938,1502.156128,795.7315674,951.4292826,-104.7722168,0.036563243,NaN,4.523060551,0.07401876,5000,0.934323013,0.934323013,0.934323013,45809.74486,1473.111939,47282.8568,,,6.279999971,706.4245605,5234.888614,5265.212705
2018-07-19T08:38:05Z,1531989485,2B505,40.8566146,44.0642088,1399.62,16.9,-6.3,16.6,529762.81,-89008.59,11.1,Weapon+Missile,Red,Allies,R-27ET,,xu,,931.4549213,861.600769,2.78041823,1399.619995,720.6673584,925.794044,-102.5361328,0.04296321,NaN,3.676936717,0.05417618,5000,0.941795647,0.941795647,0.941795647,43380.41352,1372.558343,44752.97186,,,7.279999971,678.9526367,6158.015986,6194.225915
2018-07-19T08:38:06Z,1531989486,2B505,40.8598002,44.0719194,1299.64,13.7,-6.4,16.6,529935.75,-88127.45,11.1,Weapon+Missile,Red,Allies,R-27ET,,xu,,903.5080107,839.9541016,2.693866,1299.636108,619.3403931,897.9587673,-99.98388672,0.041094311,NaN,2.87693032,0.05417618,5000,0.940114677,0.940114677,0.940114677,40816.33627,1274.507644,42090.84392,,,8.279999971,680.2957153,7053.378999,7095.342452
2018-07-19T08:38:07Z,1531989487,2B505,40.8629269,44.0794937,1200.91,11.1,-6.4,16.6,530105.31,-87261.9,11.1,Weapon+Missile,Red,Allies,R-27ET,,xu,,887.5078196,829.0062866,2.643134993,1200.907715,462.8414917,881.9993391,-98.72839355,0.03569403,NaN,2.507662973,0.019782341,5000,0.935378969,0.935378969,0.935378969,39383.5065,1177.688164,40561.19466,,,9.279999971,738.0662231,7932.835435,7980.494515
2018-07-19T08:38:08Z,1531989488,2B505,40.8659697,44.0868732,1104.15,9,-6.5,16.6,530270.25,-86418.59,11,Weapon+Missile,Red,Allies,R-27ET,,xu,,864.7136509,811.5714722,2.572371276,1104.147583,367.4465332,859.2829423,-96.76013184,0.071011171,NaN,2.092278188,0.07401876,5000,0.859964252,0.859964252,0.859964252,37386.4849,1082.798889,38469.28379,,,10.27999997,736.7010498,8789.60555,8842.865006
2018-07-19T08:38:09Z,1531989489,2B505,40.8687388,44.09361,1014.58,7.3,-6.6,16.5,530420,-85648.83,11,Weapon+Missile,Red,Allies,R-27ET,,xu,,789.2952269,744.9241943,2.34558978,1014.577637,253.1362915,784.1965187,-89.56994629,0.055347948,NaN,1.53848645,0.07401876,5000,0.987958193,0.987958193,0.987958193,31149.34776,994.9607781,32144.30854,,,11.27999997,761.4413452,9571.539937,9630.041787
2018-07-19T08:38:10Z,1531989490,2B505,40.8712536,44.0997277,933.29,5.9,-6.5,16.6,530556,-84949.79,11,Weapon+Missile,Red,Allies,R-27ET,,xu,,716.7699529,680.2458496,2.128070068,933.2907715,117.0426636,712.1457792,-81.28686523,0.054849585,NaN,1.33844387,0.07401876,5000,1.094157338,1.094157338,1.094157338,25687.95827,915.2455944,26603.20386,,,12.27999997,816.2481079,10281.60993,10344.8571
2018-07-19T08:38:11Z,1531989491,2B505,40.8735488,44.1052922,860.3,4.8,-6.4,16.6,530680.25,-84313.9,11.1,Weapon+Missile,Red,Allies,R-27ET,,xu,,652.0140071,622.1643066,1.934188275,860.3023071,-12.49127197,647.9158506,-72.98846436,0.038606577,NaN,1.107692759,0.07401876,5000,1.071278095,1.071278095,1.071278095,21256.11327,843.668362,22099.78163,,,13.27999997,872.7935791,10927.64887,10995.0963
2018-07-19T08:38:12Z,1531989492,2B505,40.8756447,44.1103592,794.55,3.8,-6.3,16.7,530793.81,-83734.8,11.1,Weapon+Missile,Red,Allies,R-27ET,,xu,,593.7753612,569.6331787,1.760095895,794.5515137,-137.9118652,590.1237266,-65.75079346,0.035030471,NaN,0.969231164,0.05417618,5000,1.053054929,1.053054929,1.053054929,17628.45898,779.1888602,18407.64784,,,14.27999997,932.4633789,11516.05365,11587.23917
2018-07-19T08:38:13Z,1531989493,2B505,40.8775803,44.1150285,734.48,3.1,-6.3,16.7,530898.81,-83201.12,11.1,Weapon+Missile,Red,Allies,R-27ET,,xu,,547.225753,527.5650024,1.620995287,734.479248,-247.6470947,543.918512,-60.07226563,0.04486149,NaN,0.569255286,0.072684979,5000,1.035221577,1.035221577,1.035221577,14972.80124,720.2780918,15693.07933,,,15.27999997,982.1263428,12058.37833,12132.94536
2018-07-19T08:38:14Z,1531989494,2B505,40.8793589,44.1193116,679.77,2.5,-6.2,16.7,530995.31,-82711.55,11.2,Weapon+Missile,Red,Allies,R-27ET,,xu,,501.9724797,486.3059082,1.486015242,679.7738647,-279.9832764,498.9826564,-54.7053833,0.053168962,NaN,0.600018458,0.07401876,5000,1.027802229,1.027802229,1.027802229,12598.81852,666.6304371,13265.44896,,,16.27999997,959.7571411,12555.90751,12633.52788
2018-07-19T08:38:15Z,1531989495,2B505,40.8810045,44.1232686,629.52,2,-6.2,16.7,531084.62,-82259.24,11.2,Weapon+Missile,Red,Allies,R-27ET,,xu,,463.7766439,451.2619019,1.372153769,629.5199585,-265.9330444,461.0458983,-50.25390625,0.023290776,NaN,0.569200645,0.05326559,5000,1.017810464,1.017810464,1.017810464,10754.43877,617.3481901,11371.78696,,,17.27999997,895.4530029,13015.60528,13096.01126
2018-07-19T08:38:16Z,1531989496,2B505,40.8825263,44.1269233,583.32,1.6,-6.2,16.8,531167.31,-81841.47,11.2,Weapon+Missile,Red,Allies,R-27ET,,xu,,428.3766071,418.4301453,1.26674901,583.317688,-246.2076416,425.8777615,-46.20227051,0.029396819,NaN,0.369212706,0.019782341,5000,1.011364937,1.011364937,1.011364937,9175.325877,572.0392405,9747.365117,,,18.27999997,829.5253296,13440.23451,13523.18678
2018-07-19T08:38:17Z,1531989497,2B505,40.8839468,44.1303317,540.4,1.3,-6.2,16.8,531244.44,-81451.85,11.2,Weapon+Missile,Red,Allies,R-27ET,,xu,,399.4890265,391.3733521,1.180747719,540.4030762,-235.6763916,397.1773136,-42.91461182,0.049030054,NaN,0.399975878,0.052339163,5000,1.004650712,1.004650712,1.004650712,7979.574116,529.9543827,8509.528499,,,19.27999997,776.0794678,13836.26039,13921.56574
2018-07-19T08:38:18Z,1531989498,2B505,40.8852511,44.1334586,501.15,1.1,-6.1,16.8,531315.31,-81094.39,11.2,Weapon+Missile,Red,Allies,R-27ET,,xu,,366.5274777,359.8721924,1.082840654,501.1499939,-300.5500183,364.4195212,-39.25308228,0.048582093,NaN,0.199987939,0.052339163,5000,1.006409764,1.006409764,1.006409764,6717.119597,491.4602588,7208.579855,,,20.27999997,801.7000122,14199.6157,14287.06464
2018-07-19T08:38:19Z,1531989499,2B505,40.8864665,44.1363705,464.69,0.9,-6.1,16.8,531381.38,-80761.5,11.2,Weapon+Missile,Red,Allies,R-27ET,,xu,,341.3350873,335.4999084,1.007995714,464.6915283,-406.5942993,339.3824128,-36.45846558,0.037585408,NaN,0.199987939,0.013988227,5000,1.002308846,1.002308846,1.002308846,5825.482092,455.7067176,6281.188809,,,21.27999997,871.2858276,14537.99894,14627.43176
2018-07-19T08:38:20Z,1531989500,2B505,40.8875924,44.1390662,431,0.7,-6.1,16.8,531442.5,-80453.32,11.2,Weapon+Missile,Red,Allies,R-27ET,,xu,,315.9838509,310.833252,0.93277353,431.0046082,-451.7339172,314.1830444,-33.68692017,0.04191414,NaN,0.199987939,0.013988227,5000,1.001322269,1.001322269,1.001322269,4992.2897,422.6711341,5414.960834,,,22.27999997,882.7385254,14851.27584,14942.53652
2018-07-19T08:38:21Z,1531989501,2B505,40.8886469,44.1415904,399.52,0.6,-6.1,16.8,531499.88,-80164.73,11.2,Weapon+Missile,Red,Allies,R-27ET,,xu,,295.9141113,291.3257751,0.873215749,399.5176697,-473.026825,294.2341482,-31.48693848,0.038777553,NaN,0,0.013988227,5000,0.997861147,0.997861147,0.997861147,4378.258062,391.7929955,4770.051058,,,23.27999997,872.5444946,15144.62253,15237.58721
2018-07-19T08:38:22Z,1531989502,2B505,40.8896417,44.1439704,369.86,0.5,-6.1,16.8,531553.94,-79892.64,11.2,Weapon+Missile,Red,Allies,R-27ET,,xu,,278.9931148,274.9031067,0.82300614,369.8630676,-489.2236023,277.4126217,-29.65460205,0.043800483,NaN,0,0.013988227,5000,0.997889817,0.997889817,0.997889817,3891.857906,362.7117652,4254.569671,,,24.27999997,859.0866699,15421.22759,15515.79394
2018-07-19T08:38:23Z,1531989503,2B505,40.8905789,44.1462119,341.97,0.4,-6.1,16.8,531604.88,-79636.38,11.2,Weapon+Missile,Red,Allies,R-27ET,,xu,,262.7638712,259.1323853,0.774885823,341.9676819,-471.473053,261.2789687,-27.89538574,0.051868371,NaN,0,0.013988227,5000,0.99631232,0.99631232,0.99631232,3452.2426,335.3557368,3787.598337,,,25.27999997,813.4407349,15681.7353,15777.80538
2018-07-19T08:38:24Z,1531989504,2B505,40.8914714,44.1483458,315.43,0.3,-6.1,16.8,531653.38,-79392.41,11.2,Weapon+Missile,Red,Allies,R-27ET,,xu,,250.1465868,246.9107513,0.737455646,315.432312,-435.2539673,248.7351785,-26.53536987,0.046072154,NaN,0,0.013988227,5000,0.995908499,0.995908499,0.995908499,3128.665744,309.3334283,3437.999172,,,26.27999997,750.6862793,15929.74627,16027.24456
2018-07-19T08:38:25Z,1531989505,2B505,40.8923184,44.1503705,290.27,0.2,-6.1,16.8,531699.38,-79160.94,11.2,Weapon+Missile,Red,Allies,R-27ET,,xu,,237.3402334,234.4744873,0.699501744,290.2730713,-490.7495728,236.0029639,-25.15924072,0.060155628,NaN,0.199987939,0.013988227,5000,0.995352864,0.995352864,0.995352864,2816.519319,284.6606415,3101.17996,,,27.27999997,781.022644,16165.06547,16263.91601
2018-07-19T08:38:26Z,1531989506,2B505,40.8931253,44.1522991,266.32,0.2,-6.1,16.8,531743.25,-78940.42,11.2,Weapon+Missile,Red,Allies,R-27ET,,xu,,226.1107106,223.5753021,0.666224614,266.316925,-562.5758362,224.8380673,-23.95614624,0.026104419,NaN,0,0.052339163,5000,0.995450258,0.995450258,0.995450258,2556.302672,261.1676873,2817.470359,,,28.27999997,828.8927612,16389.22876,16489.36548
2018-07-19T08:38:27Z,1531989507,2B505,40.8938949,44.1541383,243.49,0.2,-6.1,16.8,531785.12,-78730.15,11.3,Weapon+Missile,Red,Allies,R-27ET,,xu,,215.6145708,213.3798523,0.635133981,243.4869232,-604.7841339,214.402505,-22.83000183,0.050341487,NaN,0,0.052339163,5000,0.995056331,0.995056331,0.995056331,2324.482156,238.7791036,2563.26126,,,29.27999997,848.2710571,16602.98869,16704.34958
2018-07-19T08:38:28Z,1531989508,2B505,40.8946331,44.1559019,221.61,0.1,-6.1,16.8,531825.25,-78528.52,11.3,Weapon+Missile,Red,Allies,R-27ET,,xu,,206.7476127,204.7800293,0.608863829,221.6061401,-635.7667847,205.5864945,-21.88078308,0.067134124,NaN,0,0.01713201,5000,0.99464792,0.99464792,0.99464792,2137.228768,217.3213854,2354.550154,,,30.27999997,857.3729248,16807.97759,16910.51041
2018-07-19T08:38:29Z,1531989509,2B505,40.8953414,44.1575939,200.62,0.1,-6.1,16.8,531863.69,-78335.05,11.3,Weapon+Missile,Red,Allies,R-27ET,,xu,,198.355726,196.6328583,0.584011352,200.6199951,-662.2504883,197.2424289,-20.98614502,0.055339758,NaN,0,0.01713201,5000,0.993520558,0.993520558,0.993520558,1967.249701,196.7410075,2163.990709,,,31.27999997,862.8704834,17004.64468,17108.3005
2018-07-19T08:38:30Z,1531989510,2B505,40.8960193,44.1592133,180.53,0.1,-6.1,16.8,531900.56,-78149.92,11.3,Weapon+Missile,Red,Allies,R-27ET,,xu,,189.8354582,188.3398285,0.558798474,180.5307617,-673.2779541,188.7694994,-20.0892334,0.059338346,NaN,0,0.01713201,5000,0.994999409,0.994999409,0.994999409,1801.875059,177.0401994,1978.915259,,,32.27999997,853.8087158,17192.86362,17297.59409
2018-07-19T08:38:31Z,1531989511,2B505,40.8966704,44.1607681,161.25,0.1,-6.1,16.8,531935.88,-77972.14,11.3,Weapon+Missile,Red,Allies,R-27ET,,xu,,182.2768879,180.9853516,0.536432186,161.2507629,-671.8172913,181.2543669,-19.27999878,0.051668458,NaN,0,0.01713201,5000,0.994872689,0.994872689,0.994872689,1661.243193,158.1329794,1819.376172,,,33.27999997,833.0680542,17373.58824,17479.34903
2018-07-19T08:38:32Z,1531989512,2B505,40.8972947,44.1622591,142.77,0.1,-6.1,16.8,531969.81,-77801.66,11.3,Weapon+Missile,Red,Allies,R-27ET,,xu,,174.8014624,173.6977997,0.51432495,142.769989,-659.3269348,173.8217831,-18.48077393,0.063475238,NaN,0,0.01713201,5000,0.993540406,0.993540406,0.993540406,1527.777564,140.0095313,1667.787095,,,34.27999997,802.0969238,17546.89131,17653.6388
2018-07-19T08:38:33Z,1531989513,2B505,40.8978964,44.1636959,124.96,0,-6.1,16.8,532002.56,-77637.39,11.3,Weapon+Missile,Red,Allies,R-27ET,,xu,,168.4507569,167.5151062,0.495539313,124.9561539,-645.9070663,167.5061932,-17.81383514,0.06272062,NaN,0,0.01713201,5000,0.995069087,0.995069087,0.995069087,1418.782875,122.5401266,1541.323001,,,35.27999997,770.8632202,17713.89292,17821.59129
2018-07-19T08:38:34Z,1531989514,2B505,40.8984739,44.1650749,107.87,0,-6.1,16.8,532033.94,-77479.72,11.3,Weapon+Missile,Red,Allies,R-27ET,,xu,,161.6686352,160.8892517,0.475496298,107.8699951,-633.0040283,160.7632134,-17.08615875,0.19268295,NaN,0,0.61953423,5000,0.636393666,0.636393666,0.636393666,1306.837381,105.7843288,1412.621709,,,36.27999997,740.8740234,17874.18319,17982.79256
2018-07-19T08:38:35Z,1531989515,2B505,40.899032,44.1664072,87.84,0.5,-9.2,16.8,532064.19,-77327.39,11.3,Weapon+Missile,Red,Allies,R-27ET,,xu,,156.5894118,155.9725494,0.460453281,87.83692932,-622.0300751,155.3026728,-20.0330658,0.107654021,NaN,0.600000102,2.419266664,2525.265304,0.018608848,0.018608848,0.018608848,1226.012195,86.13860229,1312.150797,,,37.27999997,709.8670044,18029.04373,18138.94583
2018-07-19T08:38:36Z,1531989516,2B505,40.8995645,44.1676771,59.32,0.9,-12.8,16.9,532093.12,-77182.19,11.3,Weapon+Missile,Red,Allies,R-27ET,,xu,,150.7802153,150.3779602,0.443228657,59.3176918,-621.5826378,148.0585236,-28.51923752,0.053318244,NaN,0.399999997,3.661583306,2357.374704,0.014287912,0.014287912,0.014287912,1136.733666,58.17078423,1194.90445,,,38.27999997,680.9003296,18176.66992,18289.30321
2018-07-19T08:38:37Z,1531989517,2B505,40.9000747,44.1688921,22.5,1.3,-16.5,16.9,532120.94,-77043.26,11.3,Weapon+Missile,Red,Allies,R-27ET,,xu,,146.3923008,146.2447968,0.430151532,22.4976902,-637.6688137,141.6862492,-36.8200016,0.108858378,NaN,0.369230635,3.696196997,2280.210027,0.008896829,0.008896829,0.008896829,1071.535287,22.06269736,1093.597985,,,39.27999997,660.1665039,18317.9272,18435.28126
2018-07-19T08:38:38Z,1531989518,2B505,40.9005676,44.1700626,-22.51,1.5,-20.2,16.9,532147.75,-76909.41,11.4,Weapon+Missile,Red,Allies,R-27ET,,xu,,143.737356,143.8867035,0.422136398,-22.50538254,-667.7517204,136.5106257,-45.00307274,0.081187468,NaN,0.199999892,3.658018374,2244.212059,0.026579665,0.026579665,0.026579665,1033.021375,-22.07024097,1010.951134,,,40.27999997,645.2463379,18454.03541,18578.63648
