ISOTime,UnixTime,Id,Longitude,Latitude,Altitude,Roll,Pitch,Yaw,U,V,Heading,Type,Color,Coalition,Name,Group,Country,Pilot,TAS,CAS,M,ASL,AGL,GS,VS,AOA,AOS,RRT,TRT,TRD,G,LatG,LonG,Ek,Ep,Em,FFW,FFV,RelativeTime,Elev,GroundDistance,AirDistance
2018-07-19T08:57:48Z,1531990668,3015B02,40.7067409,43.1964237,1738.11,0,0,5.3,526759.5,-186565.83,0,Weapon+Missile,Violet,Neutral,AIM-7M,,,,207.823653671068,192.47721862793,0.622815314628465,1738.10607910156,1591.62847900391,NaN,NaN,NaN,NaN,NaN,NaN,NaN,NaN,NaN,NaN,NaN,1704.49979806213,NaN,,,0.200000047683716,146.477600097656,NaN,NaN
2018-07-19T08:57:49Z,1531990669,3015B02,40.7083334,43.1950907,1751.07,0,0,5.3,526902.69,-186701.95,0,Weapon+Missile,Violet,Neutral,AIM-7M,,,,197.991609680709,183.132522583008,0.59344035431058,1751.06762695312,1589.28295898438,197.566889384962,12.9615478515625,133.510194338571,NaN,0,2.94079359685567,4081.04748104646,0.66920804977417,0.66920804977417,0.66920804977417,1960.03387519792,1717.21073438599,3677.2446095839,,,1.20000004768372,161.78466796875,196.783639466417,197.263755719954
2018-07-19T08:57:50Z,1531990670,3015B02,40.709853,43.1938186,1754.27,0,0,5.3,527039.31,-186831.86,0,Weapon+Missile,Violet,Neutral,AIM-7M,,,,188.553161184093,174.260955810547,0.565171721373319,1754.27233886719,1597.19337463379,188.525925044972,3.2047119140625,133.540827791753,NaN,0,0.0197823405926261,3485.4968309687,0.758415222167969,0.758415222167969,0.758415222167969,1777.61472962573,1720.35348319519,3497.96821282092,,,2.20000004768372,157.078964233398,384.563194281701,385.122247986898
2018-07-19T08:57:51Z,1531990671,3015B02,40.7112896,43.192616,1747.66,0,0,5.3,527168.5,-186954.66,0,Weapon+Missile,Violet,Neutral,AIM-7M,,,,178.35988120092,164.776519775391,0.534576789657146,1747.65686035156,1594.75654602051,178.237152877888,-6.615478515625,133.439231183697,NaN,0,0.0197823405926261,2977.29085272781,0.688310861587524,0.688310861587524,0.688310861587524,1590.61236110032,1713.86591495667,3304.47827605698,,,3.20000004768372,152.900314331055,562.090736295359,562.821710688956
2018-07-19T08:57:52Z,1531990672,3015B02,40.7126512,43.1914761,1731.22,0,0,5.3,527290.94,-187071.06,0,Weapon+Missile,Violet,Neutral,AIM-7M,,,,169.739883700777,156.845443725586,0.508643086729115,1731.21691894531,1579.94676208496,168.941872977994,-16.43994140625,133.098474416693,NaN,0,0.0197823405926261,2553.9472744364,0.784018337726593,0.784018337726593,0.784018337726593,1440.58140593767,1697.7438398175,3138.32524575518,,,4.20000004768372,151.270156860352,730.356574311955,731.934422222974
2018-07-19T08:57:53Z,1531990673,3015B02,40.7139275,43.1904075,1705.1,0,0,5.3,527405.69,-187180.17,0,Weapon+Missile,Violet,Neutral,AIM-7M,,,,160.482126554104,148.387893676758,0.48075415789441,1705.09997558594,1554.34042358398,158.342723902586,-26.116943359375,132.480479013898,NaN,0,0.0197823405926261,2180.71743408947,0.688355267047882,0.688355267047882,0.688355267047882,1287.72564716637,1672.13186755798,2959.85751472435,,,5.20000004768372,150.759552001953,888.090753901994,891.858067936322
2018-07-19T08:57:54Z,1531990674,3015B02,40.7151285,43.189402,1669.1,0,0,5.3,527513.69,-187282.84,0,Weapon+Missile,Violet,Neutral,AIM-7M,,,,153.302579605114,141.930603027344,0.459052985347265,1669.09765625,1519.80743408203,149.015146599316,-36.0023193359375,131.527067861188,NaN,0,0.0197823405926261,1898.90361168529,0.707448482513428,0.707448482513428,0.707448482513428,1175.08404567912,1636.82565306641,2811.90969874553,,,6.20000004768372,149.290222167969,1036.51455860327,1044.62406080233
2018-07-19T08:57:55Z,1531990675,3015B02,40.7162519,43.1884613,1623.24,0,0,5.3,527614.75,-187378.89,0,Weapon+Missile,Violet,Neutral,AIM-7M,,,,146.771642064095,136.130722045898,0.43926093634886,1623.23608398438,1480.49365234375,139.422491383262,-45.861572265625,130.129919844806,NaN,0,0.0197823405926261,1668.57171458878,0.7265505194664,0.7265505194664,0.7265505194664,1077.09574570954,1591.85081430054,2668.94656001008,,,7.20000004768372,142.742431640625,1175.36792402011,1190.88921204512
2018-07-19T08:57:56Z,1531990676,3015B02,40.7172967,43.1875865,1567.55,0,0,5.3,527708.69,-187468.22,0,Weapon+Missile,Violet,Neutral,AIM-7M,,,,141.084652156468,131.163436889648,0.421966242702712,1567.54846191406,1430.29808044434,129.629347843247,-55.6876220703125,128.298665120061,NaN,0,0.0197823405926261,1487.7985787777,0.752192318439484,0.752192318439484,0.752192318439484,995.243953705579,1537.23991240295,2532.48386610853,,,8.20000004768372,137.250381469727,1304.49622456629,1331.54329780772
2018-07-19T08:57:57Z,1531990677,3015B02,40.7182595,43.1867804,1502.2,0,0,5.3,527795.25,-187550.53,0,Weapon+Missile,Violet,Neutral,AIM-7M,,,,136.156302806011,126.945449829102,0.406915905707647,1502.20227050781,1366.82598876953,119.450466983181,-65.34619140625,125.968188205769,NaN,0,0.0197823405926261,1361.89824925132,0.69502979516983,0.69502979516983,0.69502979516983,926.926939690113,1473.15718960754,2400.08412929766,,,9.20000004768372,135.376281738281,1423.48991468563,1467.32414587686
2018-07-19T08:57:58Z,1531990678,3015B02,40.7191461,43.1860379,1426.83,0,0,5.3,527875,-187626.34,0,Weapon+Missile,Violet,Neutral,AIM-7M,,,,133.371709938158,124.780097961426,0.398244209787663,1426.83374023438,1292.13998413086,110.03452938169,-75.3685302734375,123.200986976032,NaN,0,0.0197823405926261,1284.52719526239,0.746105313301086,0.746105313301086,0.746105313301086,889.400650591403,1399.24590986694,2288.64656045835,,,10.2000000476837,134.693756103516,1533.07859860451,1600.34899635226
2018-07-19T08:57:59Z,1531990679,3015B02,40.7199512,43.1853636,1341.91,0,0,5.3,527947.44,-187695.19,0,Weapon+Missile,Violet,Neutral,AIM-7M,,,,131.144326237898,123.181182861328,0.391206952146112,1341.9091796875,1207.33026123047,99.9332443199584,-84.924560546875,120.056752684041,NaN,0,0.0197823405926261,1239.77098783976,0.720199465751648,0.720199465751648,0.720199465751648,859.941715219617,1315.96336569824,2175.90508091786,,,11.2000000476837,134.578918457031,1632.60167493579,1731.1974730545
2018-07-19T08:58:00Z,1531990680,3015B02,40.7206781,43.184755,1247.12,0,0,5.3,528012.81,-187757.34,0,Weapon+Missile,Violet,Neutral,AIM-7M,,,,130.852659134036,123.45964050293,0.389907972246977,1247.11926269531,1111.78234863281,90.2069289969595,-94.7899169921875,116.619010968802,NaN,0,0.0197823405926261,1238.79443979971,0.720442771911621,0.720442771911621,0.720442771911621,856.120920122415,1223.0062117511,2079.12713187351,,,12.2000000476837,135.3369140625,1722.44285219066,1861.81080393163
2018-07-19T08:58:01Z,1531990681,3015B02,40.7213269,43.1842116,1142.33,0,0,5.4,528071.12,-187812.83,0,Weapon+Missile,Violet,Neutral,AIM-7M,,,,132.135015463781,125.295135498047,0.393251904968608,1142.32995605469,1004.51629638672,80.4913878957906,-104.789306640625,113.024483314914,NaN,0,0.0197823405926261,1298.85967980386,0.741710901260376,0.741710901260376,0.741710901260376,872.983115580678,1120.24300635437,1993.22612193505,,,13.2000000476837,137.813659667969,1802.64360368522,1993.77810760823
2018-07-19T08:58:02Z,1531990682,3015B02,40.721894,43.1837366,1028.32,0,0,5.4,528122.19,-187861.31,0,Weapon+Missile,Violet,Neutral,AIM-7M,,,,134.000853899648,127.756813049316,0.398280408076345,1028.32067871094,889.802001953125,70.4138731031792,-114.00927734375,109.426714708174,NaN,0,0.0197823405926261,1373.56412541129,0.714184463024139,0.714184463024139,0.714184463024139,897.811442291737,1008.43809838806,1906.2495406798,,,14.2000000476837,138.518676757812,1872.75389562397,2127.62593672138
2018-07-19T08:58:03Z,1531990683,3015B02,40.7223839,43.1833264,904.28,0,0,5.4,528166.25,-187903.2,0,Weapon+Missile,Violet,Neutral,AIM-7M,,,,138.143265726071,132.491256713867,0.410006697684122,904.275390625,765.579467773438,60.7974371922092,-124.045288085938,105.889883614416,NaN,0,0.0197823405926261,1501.21149608521,0.720809280872345,0.720809280872345,0.720809280872345,954.178093273193,886.791225947266,1840.96931922046,,,15.2000000476837,138.695922851562,1933.30230637121,2265.6638100301
2018-07-19T08:58:04Z,1531990684,3015B02,40.7227955,43.1829816,770.13,0,0,5.4,528203.25,-187938.39,0,Weapon+Missile,Violet,Neutral,AIM-7M,,,,143.537381247837,138.5478515625,0.425360917557878,770.126892089844,632.60368347168,51.0603579722078,-134.148498535156,102.537517236805,NaN,0,0.0197823405926261,1696.91841766509,0.720713675022125,0.720713675022125,0.720713675022125,1030.14899077434,755.236488631287,1785.38547940563,,,16.2000000476837,137.523208618164,1984.18653218945,2409.14099938063
2018-07-19T08:58:05Z,1531990685,3015B02,40.7231287,43.1827026,625.9,0,0,5.4,528233.19,-187966.89,0,Weapon+Missile,Violet,Neutral,AIM-7M,,,,150.03449943138,145.809936523438,0.443881533684238,625.8984375,489.736129760742,41.3340526231097,-144.228454589844,99.4172694309259,NaN,0,0.0197823405926261,1942.15937596862,0.727095305919647,0.727095305919647,0.727095305919647,1125.51755098123,613.796691210938,1739.31424219217,,,17.2000000476837,136.162307739258,2025.3707208121,2559.13551851731
2018-07-19T08:58:06Z,1531990686,3015B02,40.7233821,43.1824903,472.14,0,0,5.4,528256,-187988.56,0,Weapon+Missile,Violet,Neutral,AIM-7M,,,,156.945029563653,153.62451171875,0.463513228683416,472.139984130859,337.272277832031,31.4655418238051,-153.758453369141,96.5355689873193,NaN,0,0.0197823405926261,2230.55376615837,0.735573530197144,0.735573530197144,0.735573530197144,1231.58711523679,463.011157537689,1694.59827277448,,,18.2000000476837,134.867706298828,2056.7030832328,2716.05444004579
2018-07-19T08:58:07Z,1531990687,3015B02,40.7235556,43.182345,309.19,0,0,5.4,528271.62,-188003.41,0,Weapon+Missile,Violet,Neutral,AIM-7M,,,,164.372073645717,162.105407714844,0.484550000005113,309.186920166016,175.748153686523,21.5517409752089,-162.953063964844,93.9020623820114,NaN,0,0.0197823405926261,2598.59146999514,0.722299516201019,0.722299516201019,0.722299516201019,1350.90892972965,303.208791064606,1654.11772079425,,,19.2000000476837,133.438766479492,2078.15172589978,2880.41319912127
2018-07-19T08:58:08Z,1531990688,3015B02,40.7236512,43.182265,135.34,0,0,5.4,528280.25,-188011.58,0,Weapon+Missile,Violet,Neutral,AIM-7M,,,,174.248633130246,173.205337524414,0.512655332224691,135.343841552734,2.69187927246094,11.8815052083322,-173.843078613281,91.5351544715739,NaN,0,0.0197823405926261,2962.39773705757,0.713332176208496,0.713332176208496,0.713332176208496,1518.12930738796,132.726968376312,1650.85627576427,,,20.2000000476837,132.651962280273,2089.96412361079,3054.65716156134
