ISOTime,UnixTime,Id,Longitude,Latitude,Altitude,Roll,Pitch,Yaw,U,V,Heading,Type,Color,Coalition,Name,Group,Country,Pilot,TAS,CAS,M,ASL,AGL,GS,VS,AOA,AOS,RRT,TRT,TRD,G,LatG,LonG,Ek,Ep,Em,FFW,FFV,RelativeTime,Elev,GroundDistance,AirDistance
2018-07-19T09:05:42Z,1531991142,301AF02,40.7813315,43.3159498,7106.29,0,0,5.4,531579.5,-172720.48,0,Weapon+Missile,Violet,Neutral,R-77 (AA-12),,,,329.530144091347,244.105804443359,1.05623520877294,7106.2900390625,6026.68103027344,NaN,NaN,110.796662192302,NaN,0,1.8264874999782,NaN,NaN,NaN,NaN,NaN,6968.88992115723,NaN,,,0.519999980926514,1079.60900878906,NaN,NaN
2018-07-19T09:05:43Z,1531991143,301AF02,40.784916,43.3146627,7084.17,0,0,5.4,531883.75,-172836.22,0,Weapon+Missile,Violet,Neutral,R-77 (AA-12),,,,326.269399788176,241.674835205078,1.04547365523822,7084.171875,5917.36022949219,325.518829035496,-22.1181640625,110.7514204969,NaN,0,0.0197823405926261,5000,0.930497229099274,0.930497229099274,0.930497229099274,5322.58606190682,6947.19941179688,12269.7854737037,,,1.51999998092651,1166.81164550781,323.756490451752,324.870457212192
2018-07-19T09:05:44Z,1531991144,301AF02,40.7883927,43.3134141,7052.28,0,0,5.4,532178.88,-172948.5,0,Weapon+Missile,Violet,Neutral,R-77 (AA-12),,,,317.368742910804,234.700439453125,1.01651877651269,7052.2802734375,5807.45251464844,315.762323158673,-31.8916015625,110.681106669868,NaN,0,0.0197823405926261,5000,0.994293928146362,0.994293928146362,0.994293928146362,5036.14594883919,6915.92443435059,11952.0703831898,,,2.51999998092651,1244.82775878906,637.791874667137,640.867284010243
2018-07-19T09:05:45Z,1531991145,301AF02,40.7917555,43.3122063,7010.7,0,0,5.4,532464.25,-173057.09,0,Weapon+Missile,Violet,Neutral,R-77 (AA-12),,,,308.156710923093,227.622161865234,0.986464046486446,7010.6982421875,5725.53527832031,305.338325737308,-41.58203125,110.571298136706,NaN,0,0.0197823405926261,5000,0.835047543048859,0.835047543048859,0.835047543048859,4748.02792434692,6875.14639167481,11623.1743160217,,,3.51999998092651,1285.16296386719,941.548902040347,947.789015144141
2018-07-19T09:05:46Z,1531991146,301AF02,40.7950208,43.3110333,6959.15,0,0,5.4,532741.44,-173162.55,0,Weapon+Missile,Violet,Neutral,R-77 (AA-12),,,,301.015450952729,222.345977783203,0.96294009337387,6959.15185546875,5659.64208984375,296.569168540015,-51.54638671875,110.438102463624,NaN,0,0.0197823405926261,5000,0.930497944355011,0.930497944355011,0.930497944355011,4530.51508561373,6824.59665434326,11355.111739957,,,4.51999998092651,1299.509765625,1236.5109545876,1247.53942146597
2018-07-19T09:05:47Z,1531991147,301AF02,40.798179,43.3098987,6897.76,0,0,5.4,533009.5,-173264.55,0,Weapon+Missile,Violet,Neutral,R-77 (AA-12),,,,293.308733233755,216.727890014648,0.937518282366823,6897.763671875,5581.03918457031,286.812663434253,-61.38818359375,110.247334016732,NaN,0,0.0197823405926261,5000,0.994434952735901,0.994434952735901,0.994434952735901,4301.5006495595,6764.3954112793,11065.8960608388,,,5.51999998092651,1316.72448730469,1521.81519819133,1539.67630733948
2018-07-19T09:05:48Z,1531991148,301AF02,40.8012214,43.3088057,6826.77,0,0,5.4,533267.81,-173362.8,0,Weapon+Missile,Violet,Neutral,R-77 (AA-12),,,,285.339287216736,211.008712768555,0.911183102525749,6826.77001953125,5484.77770996094,276.366441805531,-70.99365234375,110.029889678735,NaN,0,0.0197823405926261,5000,0.917755782604218,0.917755782604218,0.917755782604218,4070.92544146776,6694.77442120361,10765.6998626714,,,6.51999998092651,1341.99230957031,1796.65791352211,1823.82635354465
2018-07-19T09:05:49Z,1531991149,301AF02,40.8041579,43.3077505,6745.93,0,0,5.4,533517.12,-173457.66,0,Weapon+Missile,Violet,Neutral,R-77 (AA-12),,,,278.730862113627,206.497222900391,0.889124212836322,6745.92529296875,5365.85302734375,266.748990029279,-80.8447265625,109.751200430347,NaN,0,0.0197823405926261,5000,0.886082589626312,0.886082589626312,0.886082589626312,3884.5446747303,6615.4928274292,10500.0375021595,,,7.51999998092651,1380.072265625,2061.94668657849,2101.43011338968
2018-07-19T09:05:50Z,1531991150,301AF02,40.8069921,43.306732,6655.09,0,0,5.4,533757.75,-173549.2,0,Weapon+Missile,Violet,Neutral,R-77 (AA-12),,,,273.006855812203,202.796447753906,0.869816678617452,6655.08740234375,5216.94885253906,257.451395310388,-90.837890625,109.415100343656,NaN,0,0.0197823405926261,5000,1.01389360427856,1.01389360427856,1.01389360427856,3726.63716602325,6526.41128741943,10253.0484534427,,,8.51999998092651,1438.13854980469,2318.00384896598,2373.37610691574
2018-07-19T09:05:51Z,1531991151,301AF02,40.8097096,43.3057553,6554.77,0,0,5.4,533988.44,-173636.98,0,Weapon+Missile,Violet,Neutral,R-77 (AA-12),,,,266.431510591759,198.492736816406,0.847741468577816,6554.7705078125,5069.36193847656,246.824371786525,-100.31689453125,109.037074654563,NaN,0,0.0197823405926261,5000,0.89868289232254,0.89868289232254,0.89868289232254,3549.28749181032,6428.03402004395,9977.32151185427,,,9.51999998092651,1485.40856933594,2563.52193932514,2638.83330064376
2018-07-19T09:05:52Z,1531991152,301AF02,40.8123226,43.3048161,6444.55,0,0,5.4,534210.31,-173721.39,0,Weapon+Missile,Violet,Neutral,R-77 (AA-12),,,,261.729211007192,195.782958984375,0.831569482118873,6444.546875,4961.47631835938,237.387722226872,-110.2236328125,108.577106030396,NaN,0,0.0197823405926261,5000,0.880181789398193,0.880181789398193,0.880181789398193,3425.10899472237,6319.94156117188,9745.05055589424,,,10.5199999809265,1483.07055664062,2799.61494675382,2899.60680215696
2018-07-19T09:05:53Z,1531991153,301AF02,40.8148342,43.3039133,6324.18,0,0,5.4,534423.56,-173802.52,0,Weapon+Missile,Violet,Neutral,R-77 (AA-12),,,,257.964029647644,193.911148071289,0.818310217010694,6324.17822265625,4866.5048828125,228.159654902001,-120.36865234375,108.066085292111,NaN,0,0.0197823405926261,4945.39756053757,1.01455819606781,1.01455819606781,1.01455819606781,3327.27202960253,6201.90023672119,9529.17226632372,,,11.5199999809265,1457.67333984375,3026.54698510751,3156.68638307502
2018-07-19T09:05:54Z,1531991154,301AF02,40.8172287,43.3030525,6194.49,0,0,5.4,534626.88,-173879.86,0,Weapon+Missile,Violet,Neutral,R-77 (AA-12),,,,253.253093314602,191.344451904297,0.802001626564365,6194.48974609375,4723.32397460938,217.527074913245,-129.6884765625,107.4850388222,NaN,0,0.0197823405926261,4730.15234282549,0.855562686920166,0.855562686920166,0.855562686920166,3206.85646367073,6074.71928685303,9281.57575052376,,,12.5199999809265,1471.16577148438,3242.89841827558,3409.11253227915
2018-07-19T09:05:55Z,1531991155,301AF02,40.8195243,43.3022272,6054.49,0,0,5.4,534821.81,-173954.03,0,Weapon+Missile,Violet,Neutral,R-77 (AA-12),,,,251.201305624126,191.012130737305,0.79405055760856,6054.48974609375,4537.71984863281,208.571560734597,-140,106.838794508861,NaN,0,0.0197823405926261,4559.79424641249,1.06827747821808,1.06827747821808,1.06827747821808,3155.10479736328,5937.42618685303,9092.53098421631,,,13.5199999809265,1516.76989746094,3450.32698813466,3659.53074707105
2018-07-19T09:05:56Z,1531991156,301AF02,40.8216976,43.3014457,5905.58,0,0,5.4,535006.31,-174024.25,0,Weapon+Missile,Violet,Neutral,R-77 (AA-12),,,,247.273410534014,189.219528198242,0.78012123834075,5905.5830078125,4338.83874511719,197.410543921956,-148.90673828125,106.136339922036,NaN,0,0.0197823405926261,4468.17303666731,0.797883331775665,0.797883331775665,0.797883331775665,3057.20697785616,5791.39856035645,8848.60553821261,,,14.5199999809265,1566.74426269531,3646.71308696853,3906.13381056786
2018-07-19T09:05:57Z,1531991157,301AF02,40.8237786,43.3006974,5745.79,0,0,5.4,535183.06,-174091.47,0,Weapon+Missile,Violet,Neutral,R-77 (AA-12),,,,247.572396534895,190.969314575195,0.779448492500723,5745.7919921875,4168.75634765625,189.100298390993,-159.791015625,105.365846085017,NaN,0,0.0197823405926261,4405.23012927024,1.03657245635986,1.03657245635986,1.03657245635986,3064.60457630157,5634.69710401855,8699.30168032013,,,15.5199999809265,1577.03564453125,3834.75457139295,4153.02931844554
2018-07-19T09:05:58Z,1531991158,301AF02,40.8257408,43.2999918,5577.1,0,0,5.4,535349.69,-174154.86,0,Weapon+Missile,Violet,Neutral,R-77 (AA-12),,,,245.437795500435,190.799911499023,0.771047394263162,5577.0986328125,4048.19226074219,178.275803077396,-168.693359375,104.554493713914,NaN,0,0.0197823405926261,4350.36129722379,0.881525635719299,0.881525635719299,0.881525635719299,3011.98557300568,5469.26543074707,8481.25100375275,,,16.5199999809265,1528.90637207031,4012.07415780453,4397.88749847269
2018-07-19T09:05:59Z,1531991159,301AF02,40.8276012,43.2993227,5398.01,0,0,5.4,535507.69,-174214.98,0,Weapon+Missile,Violet,Neutral,R-77 (AA-12),,,,246.273098122767,193.179534912109,0.771893307816796,5398.013671875,3931.54260253906,169.05329226312,-179.0849609375,103.690781898592,NaN,0,0.0197823405926261,4368.66721716913,0.943239033222198,0.943239033222198,0.943239033222198,3032.5219429493,5293.6430775293,8326.16502047859,,,17.5199999809265,1466.47106933594,4180.19687444297,4643.62176374618
2018-07-19T09:06:00Z,1531991160,301AF02,40.8293534,43.2986925,5209.14,0,0,5.4,535656.44,-174271.59,0,Weapon+Missile,Violet,Neutral,R-77 (AA-12),,,,246.991800396067,195.569717407227,0.772278307500335,5209.138671875,3805.49853515625,159.157732573352,-188.875,102.798717946965,NaN,0,0.0197823405926261,4474.34797584111,0.957300543785095,0.957300543785095,0.957300543785095,3050.24747314453,5108.4199756543,8158.66744879883,,,18.5199999809265,1403.64013671875,4338.54099633647,4890.17468155993
2018-07-19T09:06:01Z,1531991161,301AF02,40.8309938,43.2981025,5010.95,0,0,5.4,535795.81,-174324.59,0,Weapon+Missile,Violet,Neutral,R-77 (AA-12),,,,248.019051596821,198.32438659668,0.773536891272486,5010.94921875,3624.83825683594,149.112006977976,-198.189453125,101.878409009099,NaN,0,0.0197823405926261,4496.87656270337,0.890695691108704,0.890695691108704,0.890695691108704,3075.67249774933,4914.06251560547,7989.7350133548,,,19.5199999809265,1386.11096191406,4486.78387842131,5137.74333660808
2018-07-19T09:06:02Z,1531991162,301AF02,40.8325331,43.2975489,4802.05,0,0,5.4,535926.5,-174374.33,0,Weapon+Missile,Violet,Neutral,R-77 (AA-12),,,,251.382831455288,203.194427490234,0.781957282434844,4802.0458984375,3444.01916503906,139.83107920949,-208.9033203125,100.938756926894,NaN,0,0.0197823405926261,4687.28977522465,0.977400660514832,0.977400660514832,0.977400660514832,3159.66639752388,4709.19834099121,7868.86473851509,,,20.5199999809265,1358.02673339844,4625.88968867034,5388.78278861038
2018-07-19T09:06:03Z,1531991163,301AF02,40.8339593,43.2970359,4583.99,0,0,5.4,536047.62,-174420.41,0,Weapon+Missile,Violet,Neutral,R-77 (AA-12),,,,253.656592934802,207.272094726562,0.786866642075647,4583.99267578125,3265.49816894531,129.593438215504,-218.05322265625,99.9950050532277,NaN,0,0.0197823405926261,4877.38808480618,0.924154341220856,0.924154341220856,0.924154341220856,3217.08335696459,4495.36117739502,7712.44453435961,,,21.5199999809265,1318.49450683594,4754.78429237202,5642.13133229529
2018-07-19T09:06:04Z,1531991164,301AF02,40.8352784,43.2965613,4356.05,0,0,5.4,536159.69,-174463.03,0,Weapon+Missile,Violet,Neutral,R-77 (AA-12),,,,257.54947877519,212.896514892578,0.79666568634305,4356.05224609375,3080.59375,119.895348246919,-227.9404296875,99.0585258132157,NaN,0,0.0197823405926261,5000,0.943278193473816,0.943278193473816,0.943278193473816,3316.58670086861,4271.82797591553,7588.41467678413,,,22.5199999809265,1275.45849609375,4874.00282999527,5899.40517122736
2018-07-19T09:06:05Z,1531991165,301AF02,40.8364894,43.2961257,4118.39,0,0,5.4,536262.5,-174502.16,0,Weapon+Missile,Violet,Neutral,R-77 (AA-12),,,,261.885451736004,219.078109741211,0.807684774156874,4118.39111328125,2864.82104492188,110.005344330401,-237.6611328125,98.1280737162156,NaN,0,0.0197823405926261,5000,0.930543303489685,0.930543303489685,0.930543303489685,3429.19949154854,4038.76202110596,7467.9615126545,,,23.5199999809265,1253.57006835938,4983.43971633877,6161.08276705355
2018-07-19T09:06:06Z,1531991166,301AF02,40.8375917,43.2957291,3871.02,0,0,5.4,536356.19,-174537.78,0,Weapon+Missile,Violet,Neutral,R-77 (AA-12),,,,266.906250028585,226.047027587891,0.820653606732642,3871.02001953125,2627.78686523438,100.232171887324,-247.37109375,97.219116670673,NaN,0,0.0197823405926261,5000,0.930709540843964,0.930709540843964,0.930709540843964,3561.94731521606,3796.17384745361,7358.12116266968,,,24.5199999809265,1243.23315429688,5083.07385764337,6427.78833276854
2018-07-19T09:06:07Z,1531991167,301AF02,40.8385875,43.2953709,3613.64,0,0,5.4,536440.75,-174569.95,0,Weapon+Missile,Violet,Neutral,R-77 (AA-12),,,,272.814933453573,234.011260986328,0.836170256555481,3613.64453125,2369.05554199219,90.4756649451422,-257.37548828125,96.3363369647082,NaN,0,0.0197823405926261,5000,0.95143586397171,0.95143586397171,0.95143586397171,3721.39939576387,3543.77471423828,7265.17411000216,,,25.5199999809265,1244.58898925781,5173.06531632917,6700.46050009526
2018-07-19T09:06:08Z,1531991168,301AF02,40.8394736,43.2950521,3347.04,0,0,5.4,536516,-174598.59,0,Weapon+Missile,Violet,Neutral,R-77 (AA-12),,,,278.497402420463,241.97966003418,0.850810788433128,3347.0400390625,2114.99011230469,80.5161344103815,-266.6044921875,95.4737498661195,NaN,0,0.0197823405926261,5000,0.921416580677032,0.921416580677032,0.921416580677032,3878.04015774727,3282.32501990723,7160.3651776545,,,26.5199999809265,1232.04992675781,5253.15289523737,6978.84688141075
2018-07-19T09:06:09Z,1531991169,301AF02,40.8402541,43.2947712,3069.82,0,0,5.4,536582.25,-174623.81,0,Weapon+Missile,Violet,Neutral,R-77 (AA-12),,,,286.136917717762,251.96809387207,0.871213089496903,3069.82299804688,1859.64404296875,70.8875719118838,-277.217041015625,94.6442940715348,NaN,0,0.0197823405926261,5000,0.938056409358978,0.938056409358978,0.938056409358978,4093.71678405106,3010.46797037964,7104.1847544307,,,27.5199999809265,1210.17895507812,5323.69632508737,7264.90748892618
2018-07-19T09:06:10Z,1531991170,301AF02,40.8409256,43.2945296,2783.26,0,0,5.4,536639.31,-174645.52,0,Weapon+Missile,Violet,Neutral,R-77 (AA-12),,,,292.991163215325,261.476531982422,0.889006000208653,2783.26293945312,1594.46557617188,61.0504262148564,-286.56005859375,93.8578836075866,NaN,0,0.0197823405926261,5000,0.924442768096924,0.924442768096924,0.924442768096924,4292.19108611345,2729.4485505188,7021.63963663225,,,28.5199999809265,1188.79736328125,5384.38870887845,7557.83002772891
2018-07-19T09:06:11Z,1531991171,301AF02,40.8414915,43.294326,2485.81,0,0,5.4,536687.38,-174663.8,0,Weapon+Missile,Violet,Neutral,R-77 (AA-12),,,,301.868038185671,273.135437011719,0.912684795661547,2485.80688476562,1310.54895019531,51.4218631305061,-297.4560546875,93.0990487969978,NaN,0,0.0197823405926261,5000,0.994197964668274,0.994197964668274,0.994197964668274,4556.21562390327,2437.74380864868,6993.95943255196,,,29.5199999809265,1175.25793457031,5435.53346482883,7859.6545660189
2018-07-19T09:06:12Z,1531991172,301AF02,40.8419456,43.2941626,2180.74,0,0,5.4,536725.94,-174678.48,0,Weapon+Missile,Violet,Neutral,R-77 (AA-12),,,,307.848234802952,282.300506591797,0.927396893467812,2180.73681640625,1016.33703613281,41.2648647459313,-305.070068359375,92.3764955823211,NaN,0,0.0197823405926261,5000,0.923404574394226,0.923404574394226,0.923404574394226,4738.52678356469,2138.57227006103,6877.09905362572,,,30.5199999809265,1164.39978027344,5476.58046772353,8167.47567640535
2018-07-19T09:06:13Z,1531991173,301AF02,40.8422943,43.2940372,1864.4,0,0,5.4,536755.56,-174689.73,0,Weapon+Missile,Violet,Neutral,R-77 (AA-12),,,,317.917152046883,295.619934082031,0.954161839277892,1864.40295410156,707.62158203125,31.6891641574845,-316.333862304688,91.6945851199092,NaN,0,0.0197823405926261,5000,0.93967467546463,0.93967467546463,0.93967467546463,5053.56577828005,1828.35472298401,6881.92050126406,,,31.5199999809265,1156.78137207031,5508.09415348555,8485.37637596721
2018-07-19T09:06:14Z,1531991174,301AF02,40.8425347,43.2939507,1538.97,0,0,5.4,536776,-174697.52,0,Weapon+Missile,Violet,Neutral,R-77 (AA-12),,,,326.162301330615,307.462799072266,0.975184730660191,1538.974609375,386.865356445312,21.8686821233585,-325.428344726562,91.0457515927182,NaN,0,0.0197823405926261,5000,0.937460005283356,0.937460005283356,0.937460005283356,5319.09234046415,1509.21853530273,6828.31087576688,,,32.5199999809265,1152.10925292969,5529.82007376254,8811.52952260926
2018-07-19T09:06:15Z,1531991175,301AF02,40.8426677,43.2939028,1202.62,0,0,5.4,536787.31,-174701.81,0,Weapon+Missile,Violet,Neutral,R-77 (AA-12),,,,336.571492579392,321.65185546875,1.00238162203012,1202.62072753906,52.342529296875,12.1010656975171,-336.353881835938,90.4252723235133,NaN,0,0.0197823405926261,5000,0.905511677265167,0.905511677265167,0.905511677265167,5664.01848085597,1179.36805577209,6843.38653662807,,,33.5199999809265,1150.27819824219,5541.84156031712,9148.09825569344
2018-07-19T09:06:16Z,1531991176,301AF02,40.8426965,43.2938924,856.76,0,0,5.4,536789.75,-174702.73,0,Weapon+Missile,Violet,Neutral,R-77 (AA-12),,,,345.871328979997,335.064483642578,1.02597957257732,856.759216308594,-293.125061035156,2.60600455978592,-345.861511230469,90.0153579150971,NaN,0,0.0197823405926261,5000,0.252227485179901,0.252227485179901,0.252227485179901,5981.34881051946,840.193776861267,6821.54258738073,,,34.5199999809265,1149.88427734375,5544.44979569855,9493.96960466485
2018-07-19T09:06:17Z,1531991177,301AF02,40.8426965,43.2938924,501.51,0,0,5.4,536789.75,-174702.73,0,Weapon+Missile,Violet,Neutral,R-77 (AA-12),,,,355.247650146484,348.78369140625,1.04952071864667,501.511566162109,-648.372711181641,0,-355.247650146484,90,NaN,0,0.0197823405926261,NaN,0.0334507040679455,0.0334507040679455,0.0334507040679455,6310.04464672995,491.814840030365,6801.85948676031,,,35.5199999809265,1149.88427734375,5544.44979569855,9849.21725481216
2018-07-19T09:06:18Z,1531991178,301AF02,40.8426965,43.2938924,136.13,0,0,5.4,536789.75,-174702.73,0,Weapon+Missile,Violet,Neutral,R-77 (AA-12),,,,365.382339477539,363.521636962891,1.07499762262994,136.12922668457,-1013.75505065918,0,-365.382339477539,90,NaN,0,0.0197823405926261,NaN,0.286662727594376,0.286662727594376,0.286662727594376,6675.21270010398,133.497168086624,6808.7098681906,,,36.5199999809265,1149.88427734375,5544.44979569855,10214.599594289
