ISOTime,UnixTime,Id,Longitude,Latitude,Altitude,Roll,Pitch,Yaw,U,V,Heading,Type,Color,Coalition,Name,Group,Country,Pilot,TAS,CAS,M,ASL,AGL,GS,VS,AOA,AOS,RRT,TRT,TRD,G,LatG,LonG,Ek,Ep,Em,FFW,FFV,RelativeTime,Elev,GroundDistance,AirDistance
2018-07-19T09:05:40Z,1531991140,301AC02,40.7738787,43.3185521,7120.01,0,0,5.4,530947.81,-172487.98,0,Weapon+Missile,Violet,Neutral,R-73 (AA-11),,,,322.710250543951,238.328979492188,1.03456591487714,7120.0126953125,5994.33764648438,NaN,NaN,110.771235964711,NaN,0,1.90835719756118,NaN,NaN,NaN,NaN,NaN,6982.34724984863,NaN,,,0.690000057220459,1125.67504882812,NaN,NaN
2018-07-19T09:05:41Z,1531991141,301AC02,40.7773656,43.3173011,7093.64,0,0,5.4,531243.69,-172600.5,0,Weapon+Missile,Violet,Neutral,R-73 (AA-11),,,,317.643383522484,234.458435058594,1.01796222525374,7093.6396484375,6029.21032714844,316.546649791371,-26.373046875,110.706184578003,NaN,0,0.0197823405926261,5000,0.94324004650116,0.94324004650116,0.94324004650116,5044.86595478058,6956.48412583496,12001.3500806155,,,1.69000005722046,1064.42932128906,314.881478685387,316.333625246595
2018-07-19T09:05:42Z,1531991142,301AC02,40.7807431,43.3160892,7057.44,0,0,5.4,531530.31,-172709.47,0,Weapon+Missile,Violet,Neutral,R-73 (AA-11),,,,308.769499702749,227.606704711914,0.989044060611287,7057.4384765625,5981.49792480469,306.639982881493,-36.201171875,110.617927160609,NaN,0,0.0197823405926261,5000,0.943262875080109,0.943262875080109,0.943262875080109,4766.93019733429,6920.98290361816,11687.9131009525,,,2.69000005722046,1075.94055175781,619.893310336337,623.82226891378
2018-07-19T09:05:43Z,1531991143,301AC02,40.7840111,43.3149165,7011.5,0,0,5.4,531807.69,-172814.92,0,Weapon+Missile,Violet,Neutral,R-73 (AA-11),,,,300.27942056304,221.177703857422,0.961257736245038,7011.49853515625,5862.24682617188,296.74442235241,-45.93994140625,110.492269388828,NaN,0,0.0197823405926261,5000,0.879534065723419,0.879534065723419,0.879534065723419,4508.38652068377,6875.931210979,11384.3177316628,,,3.69000005722046,1149.25170898438,915.02771860267,922.83236639787
2018-07-19T09:05:44Z,1531991144,301AC02,40.7871772,43.3137801,6955.68,0,0,5.4,532076.44,-172917.09,0,Weapon+Missile,Violet,Neutral,R-73 (AA-11),,,,292.884150728032,215.766677856445,0.936884880210409,6955.68212890625,5737.26843261719,287.516355258298,-55.81640625,110.331879925212,NaN,0,0.0197823405926261,5000,0.924150466918945,0.924150466918945,0.924150466918945,4289.05628738403,6821.19401494385,11110.2503023279,,,4.69000005722046,1218.41369628906,1200.96948547356,1214.47823303524
2018-07-19T09:05:45Z,1531991145,301AC02,40.7902369,43.3126819,6889.98,0,0,5.4,532336.12,-173015.81,0,Weapon+Missile,Violet,Neutral,R-73 (AA-11),,,,285.480956636643,210.464202880859,0.91240330267101,6889.98291015625,5614.984375,277.818266602131,-65.69921875,110.122481695199,NaN,0,0.0197823405926261,5000,0.98154604434967,0.98154604434967,0.98154604434967,4074.96883010864,6756.76509058838,10831.733920697,,,5.69000005722046,1274.99853515625,1477.30914137424,1498.81228464729
2018-07-19T09:05:46Z,1531991146,301AC02,40.7931834,43.3116242,6814.59,0,0,5.4,532586.19,-173110.91,0,Weapon+Missile,Violet,Neutral,R-73 (AA-11),,,,277.953177318539,205.167449951172,0.887452991844526,6814.59130859375,5532.49011230469,267.53331604739,-75.3916015625,109.870120132494,NaN,0,0.0197823405926261,5000,0.905016541481018,0.905016541481018,0.905016541481018,3862.89843907356,6682.83118564209,10545.7296247157,,,6.69000005722046,1282.10119628906,1743.43928195962,1775.69025027052
2018-07-19T09:05:47Z,1531991147,301AC02,40.7960249,43.310604,6729.34,0,0,5.4,532827.38,-173202.59,0,Weapon+Missile,Violet,Neutral,R-73 (AA-11),,,,271.746946359795,201.034072875977,0.866655325884936,6729.33642578125,5419.10278320312,258.027145495392,-85.2548828125,109.560017335441,NaN,0,0.0197823405926261,5000,0.917784988880157,0.917784988880157,0.917784988880157,3692.32014279366,6599.22470598877,10291.5448487824,,,7.69000005722046,1310.23364257812,2000.09259825601,2046.39169188995
2018-07-19T09:05:48Z,1531991148,301AC02,40.7987598,43.3096221,6634.19,0,0,5.4,533059.56,-173290.86,0,Weapon+Missile,Violet,Neutral,R-73 (AA-11),,,,265.997399020296,197.358154296875,0.847249624393612,6634.1904296875,5312.7001953125,248.398582348794,-95.14599609375,109.18768272305,NaN,0,0.0197823405926261,5000,1.03336691856384,1.03336691856384,1.03336691856384,3537.73081427813,6505.91835772949,10043.6491720076,,,8.69000005722046,1321.490234375,2247.12648656118,2311.35665404163
2018-07-19T09:05:49Z,1531991149,301AC02,40.8013758,43.3086827,6529.66,0,0,5.4,533281.62,-173375.3,0,Weapon+Missile,Violet,Neutral,R-73 (AA-11),,,,259.552917800068,193.202758789062,0.825581097041216,6529.66162109375,5185.38635253906,237.574083840178,-104.52880859375,108.762380985476,NaN,0,0.0197823405926261,5000,0.879745602607727,0.879745602607727,0.879745602607727,3368.38585692644,6403.4106136499,9771.79647057634,,,9.69000005722046,1344.27526855469,2483.4278415446,2569.96815130165
2018-07-19T09:05:50Z,1531991150,301AC02,40.8038903,43.3077797,6415.12,0,0,5.4,533495.06,-173456.45,0,Weapon+Missile,Violet,Neutral,R-73 (AA-11),,,,255.461646327376,191.017730712891,0.811341698095068,6415.12451171875,5039.3291015625,228.346016650855,-114.537109375,108.264227594675,NaN,0,0.0197823405926261,4888.9892988392,0.855205476284027,0.855205476284027,0.855205476284027,3263.03263721466,6291.08807928467,9554.12071649933,,,10.6900000572205,1375.79541015625,2710.56648228506,2824.5569834222
2018-07-19T09:05:51Z,1531991151,301AC02,40.8063054,43.3069123,6290.34,0,0,5.4,533700.12,-173534.41,0,Weapon+Missile,Violet,Neutral,R-73 (AA-11),,,,252.386646650552,189.731353759766,0.800262185173434,6290.337890625,4866.85327148438,219.379394209018,-124.78662109375,107.70380842063,NaN,0,0.0197823405926261,4673.1813577121,1.12122452259064,1.12122452259064,1.12122452259064,3184.95097037554,6168.71420750977,9353.6651778853,,,11.6900000572205,1423.48461914062,2928.73641374034,3076.08170200218
2018-07-19T09:05:52Z,1531991152,301AC02,40.8085922,43.306091,6156.87,0,0,5.4,533894.25,-173608.22,0,Weapon+Missile,Violet,Neutral,R-73 (AA-11),,,,246.872286765725,186.538757324219,0.78141031102463,6156.8720703125,4684.89379882812,207.684377797778,-133.4658203125,107.069010003372,NaN,0,0.0197823405926261,4494.91259784646,0.761957943439484,0.761957943439484,0.761957943439484,3047.29629864693,6037.82894883301,9085.12524747993,,,12.6900000572205,1471.97827148438,3135.31099964842,3322.19042529422
2018-07-19T09:05:53Z,1531991153,301AC02,40.8107914,43.305301,6012.4,0,0,5.4,534081,-173679.19,0,Weapon+Missile,Violet,Neutral,R-73 (AA-11),,,,246.545934142857,187.62548828125,0.778907499592066,6012.39794921875,4522.06225585938,199.780194154882,-144.47412109375,106.385247520746,NaN,0,0.0197823405926261,4382.7372756622,0.981962263584137,0.981962263584137,0.981962263584137,3039.2448821187,5896.1482348706,8935.39311698931,,,13.6900000572205,1490.33569335938,3333.9869205484,3567.99571531785
2018-07-19T09:05:54Z,1531991154,301AC02,40.8128777,43.3045516,5858.42,0,0,5.4,534258.12,-173746.53,0,Weapon+Missile,Violet,Neutral,R-73 (AA-11),,,,244.167318029533,187.126541137695,0.769850402659844,5858.419921875,4377.87414550781,189.495240808476,-153.97802734375,105.628232077065,NaN,0,0.0197823405926261,4287.0746258748,1.05011379718781,1.05011379718781,1.05011379718781,2980.88395968676,5745.14737268555,8726.0313323723,,,14.6900000572205,1480.54577636719,3522.4675406688,3811.51229770973
2018-07-19T09:05:55Z,1531991155,301AC02,40.8148434,43.3038454,5695.63,0,0,5.4,534425,-173809.98,0,Weapon+Missile,Violet,Neutral,R-73 (AA-11),,,,241.607782345937,186.5439453125,0.760176632626379,5695.62939453125,4235.68493652344,178.531691016653,-162.79052734375,104.807221175126,NaN,0,0.0197823405926261,4241.24603619457,0.797871708869934,0.797871708869934,0.797871708869934,2918.71602450609,5585.50440018799,8504.22042469408,,,15.6900000572205,1459.94445800781,3700.05927571224,4052.54494874661
2018-07-19T09:05:56Z,1531991156,301AC02,40.8167185,43.3031717,5521.57,0,0,5.4,534584.19,-173870.52,0,Weapon+Missile,Violet,Neutral,R-73 (AA-11),,,,243.515351925777,189.732070922852,0.76446155757058,5521.57470703125,4052.95825195312,170.307640412321,-174.0546875,103.960243645983,NaN,0,0.0197823405926261,4291.50474019046,1.03999316692352,1.03999316692352,1.03999316692352,2964.98633117676,5414.8150600708,8379.80139124756,,,16.6900000572205,1468.61645507812,3869.4669778848,4295.53568673026
2018-07-19T09:05:57Z,1531991157,301AC02,40.8184735,43.3025411,5338.94,0,0,5.4,534733.25,-173927.17,0,Weapon+Missile,Violet,Neutral,R-73 (AA-11),,,,242.45732047135,190.560623168945,0.759358673109932,5338.9384765625,3843.34692382812,159.466484159878,-182.63623046875,103.063534745207,NaN,0,0.0197823405926261,4257.04799948776,0.878087639808655,0.878087639808655,0.878087639808655,2939.27761250734,5235.71010111816,8174.98771362551,,,17.6900000572205,1495.59155273438,4028.02108614033,4537.4824222263
2018-07-19T09:05:58Z,1531991158,301AC02,40.8201286,43.3019464,5145.58,0,0,5.4,534873.75,-173980.61,0,Weapon+Missile,Violet,Neutral,R-73 (AA-11),,,,244.913313950336,194.428726196289,0.765159265210708,5145.58203125,3614.2802734375,150.319048713894,-193.3564453125,102.130247873913,NaN,0,0.0197823405926261,4394.24113923551,0.949921548366547,0.949921548366547,0.949921548366547,2999.12656750679,5046.09220267578,8045.21877018257,,,18.6900000572205,1531.3017578125,4177.55795019045,4781.99164844028
2018-07-19T09:05:59Z,1531991159,301AC02,40.8216735,43.3013912,4942.66,0,0,5.4,535004.94,-174030.48,0,Weapon+Missile,Violet,Neutral,R-73 (AA-11),,,,246.730930648571,197.887115478516,0.768853223497083,4942.6572265625,3376.20971679688,140.348408545484,-202.9248046875,101.187509526409,NaN,0,0.0197823405926261,4524.75918248935,0.930492162704468,0.930492162704468,0.930492162704468,3043.8076069355,4847.09094908691,7890.89855602242,,,19.6900000572205,1566.44750976562,4317.14655390479,5028.3537519231
2018-07-19T09:06:00Z,1531991160,301AC02,40.8231106,43.3008748,4729.94,0,0,5.4,535127,-174076.88,0,Weapon+Missile,Violet,Neutral,R-73 (AA-11),,,,249.599654243322,202.369857788086,0.775704577339128,4729.93994140625,3151.07995605469,130.580794890139,-212.71728515625,100.236981301029,NaN,0,0.0197823405926261,4667.9157202608,0.949808239936829,0.949808239936829,0.949808239936829,3114.9993699193,4638.48655263916,7753.48592255846,,,20.6900000572205,1578.85998535156,4446.98595545415,5277.61764673567
2018-07-19T09:06:01Z,1531991161,301AC02,40.8244383,43.3003976,4507.61,0,0,5.4,535239.75,-174119.73,0,Weapon+Missile,Violet,Neutral,R-73 (AA-11),,,,252.946415537863,207.408905029297,0.783912028453188,4507.60595703125,2941.18823242188,120.621260669049,-222.333984375,99.2808938842278,NaN,0,0.0197823405926261,4889.64679615172,0.943385004997253,0.943385004997253,0.943385004997253,3199.09445667267,4420.45139585205,7619.54585252472,,,21.6900000572205,1566.41772460938,4566.95537495585,5530.29513853341
2018-07-19T09:06:02Z,1531991162,301AC02,40.8256574,43.2999595,4275.63,0,0,5.4,535343.25,-174159.09,0,Weapon+Missile,Violet,Neutral,R-73 (AA-11),,,,257.050116688472,213.26286315918,0.794323811900052,4275.62890625,2745.61596679688,110.731253042629,-231.97705078125,98.3366854644579,NaN,0,0.0197823405926261,5000,0.924144089221954,0.924144089221954,0.924144089221954,3303.73812447786,4192.95962134766,7496.69774582552,,,22.6900000572205,1530.01293945312,4677.10116942616,5787.1261351061
2018-07-19T09:06:03Z,1531991163,301AC02,40.8267694,43.2995599,4033.78,0,0,5.4,535437.69,-174195,0,Weapon+Missile,Violet,Neutral,R-73 (AA-11),,,,262.10706717372,220.13166809082,0.807520611731302,4033.77685546875,2535.6328125,101.033163838972,-241.85205078125,97.4108263832746,NaN,0,0.0197823405926261,5000,0.930594384670258,0.930594384670258,0.930594384670258,3435.00573312044,3955.78377996826,7390.7895130887,,,23.6900000572205,1498.14404296875,4777.57621157064,6049.0436886668
2018-07-19T09:06:04Z,1531991164,301AC02,40.8277743,43.2991988,3781.98,0,0,5.4,535523,-174227.44,0,Weapon+Missile,Violet,Neutral,R-73 (AA-11),,,,267.826387418898,227.786911010742,0.822579711525236,3781.98217773438,2326.47155761719,91.2711020120827,-251.794677734375,96.505889430258,NaN,0,0.0197823405926261,5000,0.924655973911285,0.924655973911285,0.924655973911285,3586.54868989289,3708.85755232788,7295.40624222077,,,24.6900000572205,1455.51062011719,4868.37325997863,6316.72777324864
2018-07-19T09:06:05Z,1531991165,301AC02,40.8286718,43.2988761,3520.07,0,0,5.4,535599.25,-174256.41,0,Weapon+Missile,Violet,Neutral,R-73 (AA-11),,,,274.318130453197,236.352554321289,0.839814739674271,3520.07153320312,2100.392578125,81.5674627321612,-261.91064453125,95.6320495065775,NaN,0,0.0197823405926261,5000,0.936874389648438,0.936874389648438,0.936874389648438,3762.52183476687,3452.01095010864,7214.53278487551,,,25.6900000572205,1419.67895507812,4949.47860951275,6590.92258820895
2018-07-19T09:06:06Z,1531991166,301AC02,40.8294616,43.2985922,3248.31,0,0,5.4,535666.31,-174281.91,0,Weapon+Missile,Violet,Neutral,R-73 (AA-11),,,,281.071399850754,245.386291503906,0.857643742041406,3248.3115234375,1849.99853515625,71.7469783771414,-271.760009765625,94.7907543134009,NaN,0,0.0197823405926261,5000,0.953604578971863,0.953604578971863,0.953604578971863,3950.05659070313,3185.50542013184,7135.56201083497,,,26.6900000572205,1398.31298828125,5020.84753831033,6871.9073449293
2018-07-19T09:06:07Z,1531991167,301AC02,40.8301415,43.2983478,2967.6,0,0,5.4,535724.06,-174303.86,0,Weapon+Missile,Violet,Neutral,R-73 (AA-11),,,,287.430067716642,254.282913208008,0.874070172138361,2967.59985351562,1584.3583984375,61.7818921470169,-280.711669921875,93.9767450027509,NaN,0,0.0197823405926261,5000,0.936923205852509,0.936923205852509,0.936923205852509,4130.80219137967,2910.2213103479,7041.02350172757,,,27.6900000572205,1383.24145507812,5082.27885490419,7159.26866279133
2018-07-19T09:06:08Z,1531991168,301AC02,40.8307134,43.2981422,2677.18,0,0,5.4,535772.62,-174322.33,0,Weapon+Missile,Violet,Neutral,R-73 (AA-11),,,,295.026181636078,264.560852050781,0.894042075946277,2677.1845703125,1293.4091796875,51.9558575409212,-290.415283203125,93.2068841554884,NaN,0,0.0197823405926261,5000,0.921045064926147,0.921045064926147,0.921045064926147,4352.02239253819,2625.42120664551,6977.4435991837,,,28.6900000572205,1383.775390625,5133.95752057009,7454.25016278085
2018-07-19T09:06:09Z,1531991169,301AC02,40.8311798,43.2979746,2375.66,0,0,5.4,535812.25,-174337.39,0,Weapon+Missile,Violet,Neutral,R-73 (AA-11),,,,304.492866567328,276.870666503906,0.919413581813663,2375.65698242188,997.029174804688,42.3912671578711,-301.527587890625,92.471526688284,NaN,0,0.0197823405926261,5000,0.957237422466278,0.957237422466278,0.957237422466278,4635.79528951943,2329.72365466675,6965.51894418618,,,29.6900000572205,1378.62780761719,5176.10319822396,7758.71124708597
2018-07-19T09:06:10Z,1531991170,301AC02,40.8315368,43.2978462,2065.51,0,0,5.4,535842.56,-174348.91,0,Weapon+Missile,Violet,Neutral,R-73 (AA-11),,,,311.84207426969,287.441375732422,0.938149033316689,2065.50537109375,693.275268554688,32.4261819428471,-310.151611328125,91.7756465923982,NaN,0,0.0197823405926261,5000,0.939420580863953,0.939420580863953,0.939420580863953,4862.27396424115,2025.56882474365,6887.8427889848,,,30.6900000572205,1372.23010253906,5208.36043604155,8070.53696132162
2018-07-19T09:06:11Z,1531991171,301AC02,40.8317868,43.2977564,1744.28,0,0,5.4,535863.75,-174356.98,0,Weapon+Missile,Violet,Neutral,R-73 (AA-11),,,,322.024789257683,300.997802734375,0.965128271775835,1744.27990722656,377.03271484375,22.6752345029908,-321.225463867188,91.1113766857707,NaN,0,0.0197823405926261,5000,0.939524710178375,0.939524710178375,0.939524710178375,5184.99824482277,1710.55425522034,6895.55250004311,,,31.6900000572205,1367.24719238281,5230.95391652883,8392.55647773838
2018-07-19T09:06:12Z,1531991172,301AC02,40.8319282,43.2977055,1413.94,0,0,5.4,535875.75,-174361.56,0,Weapon+Missile,Violet,Neutral,R-73 (AA-11),,,,330.588820668187,313.271087646484,0.986980963685037,1413.94067382812,49.3160400390625,12.8436454527375,-330.339233398438,90.4806425317688,NaN,0,0.0197823405926261,5000,0.916918158531189,0.916918158531189,0.916918158531189,5464.44841753915,1386.60213089966,6851.05054843881,,,32.6900000572205,1364.62463378906,5243.73005796817,8723.14280496272
2018-07-19T09:06:13Z,1531991173,301AC02,40.8319639,43.2976927,1074.78,0,0,5.4,535878.81,-174362.7,0,Weapon+Missile,Violet,Neutral,R-73 (AA-11),,,,339.174069588066,325.777679443359,1.00864131747892,1074.78234863281,-289.152465820312,3.26801646884238,-339.158325195312,90.0312050786648,NaN,0,0.0197823405926261,5000,0.313616424798965,0.313616424798965,0.313616424798965,5751.9524740465,1054.001431922,6805.9539059685,,,33.6900000572205,1363.93481445312,5246.95360602908,9062.31645497979
2018-07-19T09:06:14Z,1531991174,301AC02,40.8319639,43.2976927,725.53,0,0,5.4,535878.81,-174362.7,0,Weapon+Missile,Violet,Neutral,R-73 (AA-11),,,,349.247741699219,340.034637451172,1.03443773778493,725.534606933594,-638.400207519531,0,-349.247741699219,90,NaN,0,0.0197823405926261,NaN,0.185217827558517,0.185217827558517,0.185217827558517,6098.69925410021,711.506395308533,6810.20564940874,,,34.6900000572205,1363.93481445312,5246.95360602908,9411.56419667879
2018-07-19T09:06:15Z,1531991175,301AC02,40.8319639,43.2976927,364.66,0,0,5.4,535878.81,-174362.7,0,Weapon+Missile,Violet,Neutral,R-73 (AA-11),,,,360.870758056641,356.086608886719,1.06447543207625,364.663848876953,-999.270965576172,0,-360.870758056641,90,NaN,0,0.0197823405926261,NaN,0.374363541603088,0.374363541603088,0.374363541603088,6511.38520101872,357.613073358917,6868.99827437764,,,35.6900000572205,1363.93481445312,5246.95360602908,9772.4349547358
