ISOTime,UnixTime,Id,Longitude,Latitude,Altitude,Roll,Pitch,Yaw,U,V,Heading,Type,Color,Coalition,Name,Group,Country,Pilot,TAS,CAS,M,ASL,AGL,GS,VS,AOA,AOS,RRT,TRT,TRD,G,LatG,LonG,Ek,Ep,Em,FFW,FFV,RelativeTime,Elev,GroundDistance,AirDistance
2018-07-19T09:04:48Z,1531991088,301A902,40.8103733,43.3975194,4519.24,0,0,5.4,533082.25,-163435.84,0,Weapon+Missile,Violet,Neutral,R-73 (AA-11),,,,225.760792575912,183.997375488281,0.699762485360035,4519.240234375,3822.60723876953,NaN,NaN,NaN,NaN,NaN,NaN,NaN,NaN,NaN,NaN,NaN,4431.86072444336,NaN,,,0.119999885559082,696.632995605469,NaN,NaN
2018-07-19T09:04:49Z,1531991089,301A902,40.8122183,43.3960113,4520.99,0,0,5.4,533247.5,-163589.33,0,Weapon+Missile,Violet,Neutral,R-73 (AA-11),,,,225.539553834164,183.793563842773,0.699092107228636,4520.99365234375,3811.15960693359,225.532737909911,1.75341796875,132.875546021031,NaN,0,2.69325341476171,4998.4870048849,0.758414268493652,0.758414268493652,0.758414268493652,2543.40451718569,4433.58024007568,6976.98475726137,,,1.11999988555908,709.834045410156,224.618940214425,224.784964041036
2018-07-19T09:04:50Z,1531991090,301A902,40.8139802,43.3945711,4512.95,0,0,5.4,533405.31,-163735.88,0,Weapon+Missile,Violet,Neutral,R-73 (AA-11),,,,215.512236139346,175.351745605469,0.667943618100378,4512.94677734375,3790.92346191406,215.361955155769,-8.046875,132.768169453399,NaN,0,0.0197823405926261,4387.56923978668,0.777583599090576,0.777583599090576,0.777583599090576,2322.27619628906,4425.68895140381,6747.96514769287,,,2.11999988555908,722.023315429688,439.130281798491,439.598991451909
2018-07-19T09:04:51Z,1531991091,301A902,40.8156568,43.3932006,4495.18,0,0,5.4,533555.5,-163875.36,0,Weapon+Missile,Violet,Neutral,R-73 (AA-11),,,,205.73732161887,167.239212036133,0.637505966032757,4495.1796875,3758.53405761719,204.968719626656,-17.76708984375,132.536712968225,NaN,0,0.0197823405926261,3817.24051824246,0.669291913509369,0.669291913509369,0.669291913509369,2116.39227534533,4408.26538824219,6524.65766358751,,,3.11999988555908,736.645629882812,643.257592937367,644.641667313583
2018-07-19T09:04:52Z,1531991092,301A902,40.8172597,43.3918903,4467.49,0,0,5.4,533699.12,-164008.69,0,Weapon+Missile,Violet,Neutral,R-73 (AA-11),,,,197.917175391966,160.875534057617,0.613061496103768,4467.49072265625,3723.97607421875,195.970736440458,-27.68896484375,132.135965949051,NaN,0,0.0197823405926261,3388.80441425071,0.739294648170471,0.739294648170471,0.739294648170471,1958.5604157567,4381.11178953369,6339.67220529039,,,4.11999988555908,743.5146484375,838.418064651791,841.892342029106
2018-07-19T09:04:53Z,1531991093,301A902,40.818782,43.3906457,4430,0,0,5.4,533835.5,-164135.34,0,Weapon+Missile,Violet,Neutral,R-73 (AA-11),,,,189.856140617125,154.394241333008,0.587816062717476,4430.001953125,3678.80999755859,186.118097693541,-37.48876953125,131.495467248328,NaN,0,0.0197823405926261,3000.80350296437,0.739306151866913,0.739306151866913,0.739306151866913,1802.26770650148,4344.34786536133,6146.61557186281,,,5.11999988555908,751.191955566406,1023.78265851099,1031.13660063069
2018-07-19T09:04:54Z,1531991094,301A902,40.8202227,43.3894678,4382.75,0,0,5.4,533964.62,-164255.22,0,Weapon+Missile,Violet,Neutral,R-73 (AA-11),,,,182.417814515236,148.510391235352,0.564452614506833,4382.74755859375,3608.32281494141,176.19103623624,-47.25439453125,130.59941805872,NaN,0,0.0197823405926261,2663.13941818536,0.732926726341248,0.732926726341248,0.732926726341248,1663.81295262575,4298.00713454834,5961.82008717409,,,6.11999988555908,774.424743652344,1199.21935885545,1212.9429665993
2018-07-19T09:04:55Z,1531991095,301A902,40.8215833,43.3883553,4325.66,0,0,5.4,534086.56,-164368.42,0,Weapon+Missile,Violet,Neutral,R-73 (AA-11),,,,175.905929189021,143.468276977539,0.543915161638468,4325.658203125,3538.3388671875,166.384198216104,-57.08935546875,129.441790992924,NaN,0,0.0197823405926261,2398.53781078589,0.771379292011261,0.771379292011261,0.771379292011261,1547.14479619265,4242.02160176758,5789.16639796022,,,7.11999988555908,787.3193359375,1364.900030991,1388.29053990345
2018-07-19T09:04:56Z,1531991096,301A902,40.8228604,43.3873111,4258.94,0,0,5.4,534200.94,-164474.67,0,Weapon+Missile,Violet,Neutral,R-73 (AA-11),,,,169.769560890549,138.79621887207,0.524504621172974,4258.9423828125,3428.41790771484,156.111188340234,-66.7158203125,127.949651412535,NaN,0,0.0197823405926261,2189.72843378174,0.676172614097595,0.676172614097595,0.676172614097595,1441.08519024849,4176.59573184082,5617.68092208931,,,8.11999988555908,830.524475097656,1520.42076891541,1557.61350186124
2018-07-19T09:04:57Z,1531991097,301A902,40.8240627,43.3863279,4182.14,0,0,5.4,534308.69,-164574.7,0,Weapon+Missile,Violet,Neutral,R-73 (AA-11),,,,165.877058372145,136.059204101562,0.511989141793347,4182.13818359375,3296.73687744141,147.024873666201,-76.80419921875,126.149020510745,NaN,0,0.0197823405926261,2028.21430872638,0.73930287361145,0.73930287361145,0.73930287361145,1375.7599247098,4101.27654181396,5477.03646652376,,,9.11999988555908,885.401306152344,1666.83816094764,1723.03816467253
2018-07-19T09:04:58Z,1531991098,301A902,40.8251835,43.3854114,4095.56,0,0,5.4,534409.19,-164667.98,0,Weapon+Missile,Violet,Neutral,R-73 (AA-11),,,,162.163599073991,133.521896362305,0.499989486788706,4095.56225585938,3183.16949462891,137.119078182296,-86.575927734375,124.017898391921,NaN,0,0.0197823405926261,1899.94537307069,0.778158187866211,0.778158187866211,0.778158187866211,1314.85164323151,4016.37455964233,5331.22620287385,,,10.1199998855591,912.392761230469,1803.33088143499,1884.74728828284
2018-07-19T09:04:59Z,1531991099,301A902,40.8262205,43.3845634,3999.49,0,0,5.4,534502.06,-164754.27,0,Weapon+Missile,Violet,Neutral,R-73 (AA-11),,,,159.062853192797,131.54573059082,0.489845666275944,3999.4853515625,3097.98968505859,126.768370371171,-96.076904296875,121.602323252657,NaN,0,0.0197823405926261,1841.00407306515,0.701275825500488,0.701275825500488,0.701275825500488,1265.04956329167,3922.15530229004,5187.20486558171,,,11.1199998855591,901.495666503906,1929.62442627996,2043.49577185672
2018-07-19T09:05:00Z,1531991100,301A902,40.8271796,43.383779,3893.43,0,0,5.4,534588.06,-164834.09,0,Weapon+Missile,Violet,Neutral,R-73 (AA-11),,,,158.165852796918,131.485107421875,0.486445241685876,3893.42919921875,3022.82995605469,117.339377623267,-106.05615234375,118.966539882109,NaN,0,0.0197823405926261,1803.30763630407,0.726590394973755,0.726590394973755,0.726590394973755,1250.82184954882,3818.14974565186,5068.97159520067,,,12.1199998855591,870.599243164062,2046.44130642405,2201.32790815226
2018-07-19T09:05:01Z,1531991101,301A902,40.8280594,43.3830596,3777.49,0,0,5.4,534666.94,-164907.3,0,Weapon+Missile,Violet,Neutral,R-73 (AA-11),,,,158.183542595462,132.264175415039,0.485804921928393,3777.4892578125,2944.15618896484,107.610237128099,-115.93994140625,116.130997111367,NaN,0,0.0197823405926261,1802.95843719475,0.758678734302521,0.758678734302521,0.758678734302521,1251.10165740252,3704.4515030127,4955.55316041521,,,13.1199998855591,833.333068847656,2153.58837727698,2359.2404675855
2018-07-19T09:05:02Z,1531991102,301A902,40.8288572,43.382407,3651.94,0,0,5.4,534738.38,-164973.69,0,Weapon+Missile,Violet,Neutral,R-73 (AA-11),,,,158.977502354532,133.774688720703,0.48749056586922,3651.93920898438,2852.6728515625,97.5245174001934,-125.550048828125,113.219197421987,NaN,0,0.0197823405926261,1871.90519218521,0.71413516998291,0.71413516998291,0.71413516998291,1263.69231274426,3581.32896437866,4845.02127712292,,,14.1199998855591,799.266357421875,2250.76446268274,2518.03911123779
2018-07-19T09:05:03Z,1531991103,301A902,40.8295765,43.3818187,3516.37,0,0,5.4,534802.81,-165033.55,0,Weapon+Missile,Violet,Neutral,R-73 (AA-11),,,,161.600675141257,136.942352294922,0.494712042761362,3516.36840820312,2740.8115234375,87.9507599833033,-135.57080078125,110.27181776037,NaN,0,0.0197823405926261,1973.73781680697,0.733326256275177,0.733326256275177,0.733326256275177,1305.7389103055,3448.37942503052,4754.11833533602,,,15.1199998855591,775.556884765625,2338.37430282478,2679.48122134936
2018-07-19T09:05:04Z,1531991104,301A902,40.8302147,43.3812968,3371.23,0,0,5.4,534860.06,-165086.66,0,Weapon+Missile,Violet,Neutral,R-73 (AA-11),,,,164.813019564891,140.720611572266,0.503652901227333,3371.22998046875,2612.10174560547,78.090769063255,-145.138427734375,107.346094753669,NaN,0,0.0197823405926261,2088.04750100595,0.739351689815521,0.739351689815521,0.739351689815521,1358.16657090485,3306.04724879639,4664.21381970124,,,16.1199998855591,759.128234863281,2416.10205812154,2844.14236762583
2018-07-19T09:05:05Z,1531991105,301A902,40.8307728,43.3808403,3216.19,0,0,5.4,534910.06,-165133.11,0,Weapon+Missile,Violet,Neutral,R-73 (AA-11),,,,169.392645048559,145.809692382812,0.516672581215943,3216.19458007812,2462.87817382812,68.2487569283546,-155.035400390625,104.515151370533,NaN,0,0.0197823405926261,2293.20706174342,0.721056401729584,0.721056401729584,0.721056401729584,1434.69340982735,3154.00945787231,4588.70286769967,,,17.1199998855591,753.31640625,2484.07662345938,3013.43882445621
2018-07-19T09:05:06Z,1531991106,301A902,40.8312519,43.3804485,3051,0,0,5.4,534953,-165172.97,0,Weapon+Missile,Violet,Neutral,R-73 (AA-11),,,,175.273158356946,152.187438964844,0.533540087765698,3051.0029296875,2289.611328125,58.586676656392,-165.191650390625,101.826574801582,NaN,0,0.0197823405926261,2548.24435813227,0.733224391937256,0.733224391937256,0.733224391937256,1536.03400202096,2992.01178804199,4528.04579006295,,,18.1199998855591,761.3916015625,2542.43201705065,3188.64436164541
2018-07-19T09:05:07Z,1531991107,301A902,40.8316502,43.3801226,2876.21,0,0,5.4,534988.75,-165206.12,0,Weapon+Missile,Violet,Neutral,R-73 (AA-11),,,,181.46478791179,159.002349853516,0.551223908396325,2876.21142578125,2108.24932861328,48.7585829784101,-174.79150390625,99.2829297313,NaN,0,0.0197823405926261,2814.64527867355,0.75493335723877,0.75493335723877,0.75493335723877,1646.47346259356,2820.59987786377,4467.07334045732,,,19.1199998855591,767.962097167969,2590.95304000958,3370.05149452704
2018-07-19T09:05:08Z,1531991108,301A902,40.8319671,43.3798635,2692.26,0,0,5.4,535017.12,-165232.5,0,Weapon+Missile,Violet,Neutral,R-73 (AA-11),,,,187.985731492068,166.280807495117,0.569771552625176,2692.2607421875,1918.04626464844,38.7399180432793,-183.95068359375,96.8979882563648,NaN,0,0.0197823405926261,3193.3905150259,0.72104412317276,0.72104412317276,0.72104412317276,1766.9317622304,2640.20588073731,4407.1376429677,,,20.1199998855591,774.214477539062,2629.54770284653,3558.01080591371
2018-07-19T09:05:09Z,1531991109,301A902,40.8322047,43.3796691,2498.16,0,0,5.4,535038.44,-165252.28,0,Weapon+Missile,Violet,Neutral,R-73 (AA-11),,,,196.270411410329,175.351348876953,0.593502431351734,2498.15625,1719.21826171875,29.0778353357416,-194.1044921875,94.7040636010265,NaN,0,0.0197823405926261,3602.4733121466,0.733350515365601,0.733350515365601,0.733350515365601,1926.10371975899,2449.85439890625,4375.95811866524,,,21.1199998855591,778.93798828125,2658.50087491337,3754.26452532039
2018-07-19T09:05:10Z,1531991110,301A902,40.8323627,43.3795399,2294,0,0,5.4,535052.56,-165265.42,0,Weapon+Missile,Violet,Neutral,R-73 (AA-11),,,,205.066732572796,185.115615844727,0.618596540614112,2293.9990234375,1511.77062988281,19.2922691871803,-204.1572265625,92.6838439609461,NaN,0,0.0197823405926261,4126.18420021667,0.726548731327057,0.726548731327057,0.726548731327057,2102.61824040413,2249.64455231934,4352.26279272346,,,22.1199998855591,782.228393554688,2677.74135697259,3959.32707066518
2018-07-19T09:05:11Z,1531991111,301A902,40.8324404,43.3794764,2080.05,0,0,5.4,535059.56,-165271.89,0,Weapon+Missile,Violet,Neutral,R-73 (AA-11),,,,214.165076412071,195.397048950195,0.644407181680568,2080.04614257812,1296.15966796875,9.53125,-213.952880859375,90.8171950637802,NaN,0,0.0197823405926261,5000,0.637715578079224,0.637715578079224,0.637715578079224,2293.33399772942,2039.82845041138,4333.1624481408,,,23.1199998855591,783.886474609375,2687.19859078661,4173.48900903489
2018-07-19T09:05:12Z,1531991112,301A902,40.8324492,43.3794691,1856.51,0,0,5.4,535060.31,-165272.62,0,Weapon+Missile,Violet,Neutral,R-73 (AA-11),,,,223.542503499233,206.185455322266,0.67085380231902,1856.50610351562,1072.42913818359,1.04966977694178,-223.5400390625,90,NaN,0,0.0197823405926261,5000,0.0897280797362328,0.0897280797362328,0.0897280797362328,2498.56254353523,1820.61055800415,4319.17310153938,,,24.1199998855591,784.076965332031,2688.27873004312,4397.03165929461
2018-07-19T09:05:13Z,1531991113,301A902,40.8324492,43.3794691,1622.7,0,0,5.4,535060.31,-165272.62,0,Weapon+Missile,Violet,Neutral,R-73 (AA-11),,,,233.806884765625,218.076614379883,0.699737260102293,1622.69921875,838.622253417969,0,-233.806884765625,90,NaN,0,0.0197823405926261,5000,0.0367590375244617,0.0367590375244617,0.0367590375244617,2733.28296819031,1591.32432935547,4324.60729754578,,,25.1199998855591,784.076965332031,2688.27873004312,4630.83854406105
2018-07-19T09:05:14Z,1531991114,301A902,40.8324492,43.3794691,1379.45,0,0,5.4,535060.31,-165272.62,0,Weapon+Missile,Violet,Neutral,R-73 (AA-11),,,,243.253051757812,229.456466674805,0.725946699276903,1379.44616699219,595.369201660156,0,-243.253051757812,90,NaN,0,0.0197823405926261,5000,0.0348794311285019,0.0348794311285019,0.0348794311285019,2958.60235947445,1352.77457535339,4311.37693482784,,,26.1199998855591,784.076965332031,2688.27873004312,4874.09159581868
2018-07-19T09:05:15Z,1531991115,301A902,40.8324492,43.3794691,1126.73,0,0,5.4,535060.31,-165272.62,0,Weapon+Missile,Violet,Neutral,R-73 (AA-11),,,,252.717651367188,241.113967895508,0.751986755978874,1126.728515625,342.651550292969,0,-252.717651367188,90,NaN,0,0.0197823405926261,5000,0.0538478270173073,0.0538478270173073,0.0538478270173073,3193.31056562737,1104.94321977539,4298.25378540276,,,27.1199998855591,784.076965332031,2688.27873004312,5126.80924718581
2018-07-19T09:05:16Z,1531991116,301A902,40.8324492,43.3794691,863.68,0,0,5.4,535060.31,-165272.62,0,Weapon+Missile,Violet,Neutral,R-73 (AA-11),,,,263.052368164062,253.88981628418,0.780370535102949,863.676147460938,79.5991821289062,0,-263.052368164062,90,NaN,0,0.0197823405926261,NaN,0.0329251438379288,0.0329251438379288,0.0329251438379288,3459.82741983607,846.97696914978,4306.80438898585,,,28.1199998855591,784.076965332031,2688.27873004312,5389.86161534944
2018-07-19T09:05:17Z,1531991117,301A902,40.8324492,43.3794691,591.14,0,0,5.4,535060.31,-165272.62,0,Weapon+Missile,Violet,Neutral,R-73 (AA-11),,,,272.5361328125,266.103851318359,0.805986344708074,591.140014648438,-192.936950683594,0,-272.5361328125,90,NaN,0,0.0197823405926261,NaN,0.0331348404288292,0.0331348404288292,0.0331348404288292,3713.79718441963,579.71032246521,4293.50750688484,,,29.1199998855591,784.076965332031,2688.27873004312,5662.39774816207
2018-07-19T09:05:18Z,1531991118,301A902,40.8324492,43.3794691,308.47,0,0,5.4,535060.31,-165272.62,0,Weapon+Missile,Violet,Neutral,R-73 (AA-11),,,,282.667724609375,279.226989746094,0.833265243824724,308.472290039062,-475.604675292969,0,-282.667724609375,90,NaN,0,0.0197823405926261,NaN,0.151223093271255,0.151223093271255,0.151223093271255,3995.05212679207,302.507978311157,4297.56010510323,,,30.1199998855591,784.076965332031,2688.27873004312,5945.06547277096
2018-07-19T09:05:19Z,1531991119,301A902,40.8324492,43.3794691,17.48,0,0,5.4,535060.31,-165272.62,0,Weapon+Missile,Violet,Neutral,R-73 (AA-11),,,,290.991382598877,290.796569824219,0.854985637831652,17.4809074401855,-766.596057891846,0,-290.991382598877,90,NaN,0,0.0197823405926261,NaN,0.345889687538147,0.345889687538147,0.345889687538147,4233.7992373403,17.1429140948296,4250.94215143513,,,31.1199998855591,784.076965332031,2688.27873004312,6236.05685537
