ISOTime,UnixTime,Id,Longitude,Latitude,Altitude,Roll,Pitch,Yaw,U,V,Heading,Type,Color,Coalition,Name,Group,Country,Pilot,TAS,CAS,M,ASL,AGL,GS,VS,AOA,AOS,RRT,TRT,TRD,G,LatG,LonG,Ek,Ep,Em,FFW,FFV,RelativeTime,Elev,GroundDistance,AirDistance
2018-07-19T08:36:00Z,1531989360,10A06,41.2130806,44.3537886,3717.92,11.2,-2.4,255.6,555081.62,-54032.8,249.8,Weapon+Missile,Blue,Enemies,R-27ER,,cn,,245.2165928,208.3421021,0.752544677,3717.920654,2968.651672,NaN,NaN,5.356595408,NaN,4.076912595,0.470835865,NaN,NaN,NaN,NaN,NaN,3646.034658,NaN,,,0.539999962,749.2689819,NaN,NaN
2018-07-19T08:36:01Z,1531989361,10A06,41.2093443,44.353099,3670.24,8.6,-3.7,255.7,554791.5,-54139.46,249.9,Weapon+Missile,Blue,Enemies,R-27ER,,cn,,312.7640921,269.5531006,0.959279103,3670.241455,2928.107727,309.1085105,-47.67919922,4.304226625,NaN,1.938407686,2.470390844,5000,1.990172863,1.990172863,1.990172863,4891.068866,3599.277337,8490.346203,,,1.539999962,742.133728,307.1523647,311.0067447
2018-07-19T08:36:02Z,1531989362,10A06,41.2027742,44.3520643,3602.51,4.1,-7.6,259.8,554279.38,-54307.21,254,Weapon+Missile,Blue,Enemies,R-27ER,,cn,,543.1371092,466.6713867,1.664473166,3602.512939,2900.240112,538.8977339,-67.72851563,0.317976787,NaN,4.615404709,4.895194017,5000,7.18585825,7.18585825,7.18585825,14749.89597,3532.858352,18282.75432,,,2.539999962,702.2728271,842.6541147,851.0774379
2018-07-19T08:36:03Z,1531989363,10A06,41.1930987,44.3512218,3466.55,-0.5,-11.7,266.3,553517.56,-54478.49,260.5,Weapon+Missile,Blue,Enemies,R-27ER,,cn,,792.5800042,670.0358276,2.42486735,3466.549072,2778.855286,780.8308971,-135.9638672,0.592943843,NaN,4.384598957,5.738155047,5000,6.128169537,6.128169537,6.128169537,31409.15315,3399.523346,34808.6765,,,3.539999962,687.6937866,1618.517583,1639.187615
2018-07-19T08:36:04Z,1531989364,10A06,41.181101,44.3507767,3262.45,-1.2,-12.3,268.1,552566.12,-54624.14,262.3,Weapon+Missile,Blue,Enemies,R-27ER,,cn,,983.9214609,833.3632813,3.002792608,3262.454346,2503.846252,962.5210563,-204.0947266,0.070841085,NaN,0.969231164,3.271508641,5000,3.140254259,3.140254259,3.140254259,48405.07206,3199.374791,51604.44685,,,4.539999962,758.6080933,2574.83379,2617.533388
2018-07-19T08:36:05Z,1531989365,10A06,41.1690192,44.3506031,3044.76,-1.8,-12.9,269.6,551604.94,-54740.14,263.9,Weapon+Missile,Blue,Enemies,R-27ER,,cn,,992.3351392,849.0587158,3.020488674,3044.756104,2326.628601,968.1614039,-217.6982422,0.050108405,NaN,0.446147957,1.60736624,5000,2.160351753,2.160351753,2.160351753,49236.45143,2985.885744,52222.33717,,,5.539999962,718.1275024,3536.761933,3604.251949
2018-07-19T08:36:06Z,1531989366,10A06,41.1568232,44.3506088,2821.72,-1.5,-12.7,270.4,550632.62,-54837.01,264.6,Weapon+Missile,Blue,Enemies,R-27ER,,cn,,1002.257161,866.4788818,3.042496585,2821.7229,2111.836975,977.1261978,-223.0332031,0.053690375,NaN,0.569251017,0.782052498,5000,2.230009556,2.230009556,2.230009556,50225.97081,2767.164888,52993.1357,,,6.539999962,709.8859253,4507.588136,4600.803213
2018-07-19T08:36:07Z,1531989367,10A06,41.1445981,44.3506655,2609.97,-0.4,-11.6,270.3,549657.5,-54928.27,264.5,Weapon+Missile,Blue,Enemies,R-27ER,,cn,,1002.016352,875.0059204,3.034049647,2609.969971,1879.363464,979.3862705,-211.7529297,0.077405633,NaN,1.338435545,1.134975629,5000,4.260038376,4.260038376,4.260038376,50201.83851,2559.506201,52761.34471,,,7.539999962,730.6065063,5480.748085,5597.139637
2018-07-19T08:36:08Z,1531989368,10A06,41.1323342,44.3505912,2427.76,2.6,-8.7,266.4,548680.62,-55034.26,260.6,Weapon+Missile,Blue,Enemies,R-27ER,,cn,,999.3593175,880.2678223,3.019429187,2427.761475,1775.133057,982.6083194,-182.2084961,0.137038682,NaN,4.230769436,4.756323038,5000,13.090415,13.090415,13.090415,49935.95227,2380.820706,52316.77298,,,8.539999962,652.628418,6457.00942,6590.638036
2018-07-19T08:36:09Z,1531989369,10A06,41.1204209,44.3495501,2306.97,4.2,-6.6,262,547742.5,-55244.71,256.3,Weapon+Missile,Blue,Enemies,R-27ER,,cn,,968.9988014,858.9003296,2.923495546,2306.973877,1611.448364,961.4411232,-120.7875977,0.070745973,NaN,0.107698423,4.482048254,5000,2.834964991,2.834964991,2.834964991,46947.93386,2262.368537,49210.3024,,,9.539999962,695.5255127,7412.39548,7553.981106
2018-07-19T08:36:10Z,1531989370,10A06,41.1085328,44.3483342,2196.26,3.7,-6.5,261.9,546808.31,-55474.26,256.2,Weapon+Missile,Blue,Enemies,R-27ER,,cn,,968.3258567,862.7662964,2.917631005,2196.262939,1519.179993,961.9761187,-110.7109375,0.051139313,NaN,0.569255286,0.331909227,5000,1.037343502,1.037343502,1.037343502,46882.74823,2153.798196,49036.54643,,,10.53999996,677.0829468,8368.370888,8516.681086
2018-07-19T08:36:11Z,1531989371,10A06,41.0969158,44.3471424,2088.47,3.1,-6.5,261.9,545895.38,-55698.83,256.2,Weapon+Missile,Blue,Enemies,R-27ER,,cn,,946.3120532,847.7706909,2.847667678,2088.467773,1406.003967,940.1524898,-107.795166,0.037854619,NaN,0.569255286,0.051396036,5000,1.019673586,1.019673586,1.019673586,44775.3251,2048.087249,46823.41235,,,11.53999996,682.4638062,9302.616647,9457.436834
2018-07-19T08:36:12Z,1531989372,10A06,41.086104,44.3460321,1988.35,2.8,-6.5,261.9,545045.69,-55907.84,256.2,Weapon+Missile,Blue,Enemies,R-27ER,,cn,,880.7249111,793.8587036,2.64717122,1988.351563,1366.386292,875.0160646,-100.1162109,0.028658019,NaN,0.369212706,0,5000,1.011727214,1.011727214,1.011727214,38783.81845,1949.906785,40733.72524,,,12.53999996,621.965271,10172.14848,10332.98936
2018-07-19T08:36:13Z,1531989373,10A06,41.0760441,44.3449981,1895.35,2.4,-6.5,261.9,544255.12,-56102.31,256.2,Weapon+Missile,Blue,Enemies,R-27ER,,cn,,819.4252134,743.0180664,2.460228549,1895.351563,1243.08728,814.1306286,-93,0.019810461,NaN,0.230751111,0,5000,1.009498,1.009498,1.009498,33572.88402,1858.70494,35431.58896,,,13.53999996,652.2642822,10981.22664,11147.63966
2018-07-19T08:36:14Z,1531989374,10A06,41.0666284,44.3440294,1808.43,2,-6.5,261.9,543515.06,-56284.34,256.2,Weapon+Missile,Blue,Enemies,R-27ER,,cn,,767.0599855,699.4923706,2.300657062,1808.43457,1181.468567,762.1197135,-86.91699219,0.017665072,NaN,0.369212706,0,5000,1.003263116,1.003263116,1.003263116,29419.05107,1773.468488,31192.51955,,,14.53999996,626.9660034,11738.53099,11910.13394
2018-07-19T08:36:15Z,1531989375,10A06,41.0578042,44.3431209,1727.08,1.7,-6.5,261.9,542821.56,-56454.93,256.2,Weapon+Missile,Blue,Enemies,R-27ER,,cn,,718.7913474,659.1081543,2.153827984,1727.076172,1139.34613,714.1721166,-81.35839844,0.016675073,NaN,0.307686362,0,5000,1.000806808,1.000806808,1.000806808,25833.05005,1693.683154,27526.73321,,,15.53999996,587.7300415,12448.28193,12624.72814
2018-07-19T08:36:16Z,1531989376,10A06,41.0495292,44.3422683,1650.86,1.5,-6.5,261.9,542171.25,-56614.9,256.2,Weapon+Missile,Blue,Enemies,R-27ER,,cn,,674.0239986,621.4078369,2.017883259,1650.856079,1123.367126,669.7005661,-76.22009277,0.020094649,NaN,0.199987939,0,5000,1.000948429,1.000948429,1.000948429,22715.41754,1618.936777,24334.35431,,,16.53999996,527.4889526,13113.87999,13294.85122
2018-07-19T08:36:17Z,1531989377,10A06,41.0417737,44.3414687,1579.49,1.3,-6.5,261.9,541561.69,-56764.83,256.2,Weapon+Missile,Blue,Enemies,R-27ER,,cn,,631.7730569,585.5663452,1.889816287,1579.490723,1073.498566,627.7293854,-71.36535645,0.023464221,NaN,0.199987939,0,5000,0.99918741,0.99918741,0.99918741,19956.85977,1548.95127,21505.81104,,,17.53999996,505.992157,13737.70339,13922.9004
2018-07-19T08:36:18Z,1531989378,10A06,41.0344689,44.3407149,1512.33,1.1,-6.5,261.9,540987.5,-56906.05,256.2,Weapon+Missile,Blue,Enemies,R-27ER,,cn,,595.1003074,554.3706055,1.778723197,1512.331543,963.2137451,591.2985883,-67.15917969,0.027465087,NaN,0.199987939,0,5000,0.994846642,0.994846642,0.994846642,17707.2188,1483.090613,19190.30941,,,18.53999996,549.1177979,14325.29275,14514.45681
2018-07-19T08:36:19Z,1531989379,10A06,41.0275901,44.3400048,1449.12,1,-6.5,261.9,540446.88,-57039.03,256.2,Weapon+Missile,Blue,Enemies,R-27ER,,cn,,560.3174468,524.5609741,1.673526323,1449.122314,879.2416382,556.7407248,-63.20922852,0.029253937,NaN,0.061526344,0,5000,0.996773183,0.996773183,0.996773183,15697.78206,1421.103535,17118.88559,,,19.53999996,569.8806763,14878.63658,15071.52681
2018-07-19T08:36:20Z,1531989380,10A06,41.0210959,44.3393339,1389.48,0.8,-6.5,261.9,539936.38,-57164.58,256.2,Weapon+Missile,Blue,Enemies,R-27ER,,cn,,529.0836189,497.65271,1.579142795,1389.47998,812.680542,525.7112019,-59.64233398,0.033759923,NaN,0.199987939,0,5000,0.995427966,0.995427966,0.995427966,13996.47379,1362.614385,15359.08818,,,20.53999996,576.7994385,15401.04609,15597.44542
2018-07-19T08:36:21Z,1531989381,10A06,41.0149706,44.3387008,1333.27,0.7,-6.5,261.9,539454.94,-57283,256.2,Weapon+Missile,Blue,Enemies,R-27ER,,cn,,498.9638894,471.4657593,1.48827295,1333.265381,764.744751,495.7871335,-56.21459961,0.035124552,NaN,0.199987939,0,5000,0.992779851,0.992779851,0.992779851,12448.24815,1307.486695,13755.73484,,,21.53999996,568.5206299,15893.79473,16093.49478
2018-07-19T08:36:22Z,1531989382,10A06,41.0091959,44.3381037,1280.28,0.6,-6.5,261.8,539001.06,-57394.64,256.2,Weapon+Missile,Blue,Enemies,R-27ER,,cn,,470.3976282,446.3927612,1.402205269,1280.276855,752.1170654,467.4036208,-52.98852539,0.038521331,NaN,0.199987939,0,5000,0.995302141,0.995302141,0.995302141,11063.69643,1255.522702,12319.21913,,,22.53999996,528.15979,16358.34428,16561.15118
2018-07-19T08:36:23Z,1531989383,10A06,41.0037284,44.337538,1230.13,0.5,-6.5,261.8,538571.25,-57500.34,256.2,Weapon+Missile,Blue,Enemies,R-27ER,,cn,,445.4502106,424.3312073,1.327068242,1230.129272,696.0710449,442.61847,-50.14758301,0.039359656,NaN,0.199987939,0,5000,0.993150115,0.993150115,0.993150115,9921.294504,1206.344723,11127.63923,,,23.53999996,534.0582275,16798.19484,17003.93719
2018-07-19T08:36:24Z,1531989384,10A06,40.9985781,44.3370048,1182.91,0.5,-6.5,261.8,538166.44,-57599.91,256.2,Weapon+Missile,Blue,Enemies,R-27ER,,cn,,419.54573,401.0625305,1.24921162,1182.910034,617.307251,416.8800345,-47.21923828,0.041570946,NaN,0,0,5000,0.993114293,0.993114293,0.993114293,8800.93098,1160.038469,9960.969449,,,24.53999996,565.6027832,17212.53537,17421.03752
2018-07-19T08:36:25Z,1531989385,10A06,40.9937014,44.3364997,1138.21,0.4,-6.5,261.8,537783.12,-57694.19,256.2,Weapon+Missile,Blue,Enemies,R-27ER,,cn,,397.2591751,380.8173523,1.182241412,1138.209229,556.1625366,394.7362286,-44.70080566,0.043101292,NaN,0,0,5000,0.992889822,0.992889822,0.992889822,7890.742611,1116.201953,9006.944564,,,25.53999996,582.0466919,17604.87497,17815.9863
2018-07-19T08:36:26Z,1531989386,10A06,40.9891229,44.3360254,1096.24,0.3,-6.5,261.8,537423.19,-57782.71,256.2,Weapon+Missile,Blue,Enemies,R-27ER,,cn,,373.029553,358.3466797,1.109596158,1096.244629,513.7564697,370.6615974,-41.96459961,0.044854081,NaN,0.199987939,0,5000,0.993130088,0.993130088,0.993130088,6957.55237,1075.048739,8032.601109,,,26.53999996,582.4881592,17973.22116,18186.77935
2018-07-19T08:36:27Z,1531989387,10A06,40.9847919,44.3355765,1056.56,0.3,-6.5,261.8,537082.75,-57866.45,256.2,Weapon+Missile,Blue,Enemies,R-27ER,,cn,,352.8234885,339.3370667,1.049011644,1056.56311,474.6380615,350.5849272,-39.68151855,0.045867345,NaN,0,0,5000,0.992191374,0.992191374,0.992191374,6224.220703,1036.134463,7260.355166,,,27.53999996,581.9250488,18321.66476,18537.53361
2018-07-19T08:36:28Z,1531989388,10A06,40.9807287,44.3351552,1019.34,0.3,-6.5,261.8,536763.38,-57945,256.2,Weapon+Missile,Blue,Enemies,R-27ER,,cn,,330.994653,318.4931335,0.983688048,1019.339233,433.8745728,328.8948818,-37.22387695,0.045296357,NaN,0.092289516,0,5000,0.993114769,0.993114769,0.993114769,5477.873015,999.6303093,6477.503324,,,28.53999996,585.4646606,18648.56908,18866.60326
2018-07-19T08:36:29Z,1531989389,10A06,40.9769068,44.3347588,984.33,0.2,-6.5,261.8,536462.94,-58018.89,256.2,Weapon+Missile,Blue,Enemies,R-27ER,,cn,,311.3646535,299.7140198,0.924976236,984.3330688,393.5387573,309.3905556,-35.00616455,0.047362907,NaN,0,0,5000,0.992998242,0.992998242,0.992998242,4847.397371,965.300989,5812.69836,,,29.53999996,590.7943115,18956.0661,19176.13444
2018-07-19T08:36:30Z,1531989390,10A06,40.9732675,44.3343812,951,0.2,-6.5,261.8,536176.81,-58089.26,256.2,Weapon+Missile,Blue,Enemies,R-27ER,,cn,,296.529175,285.6061096,0.880566279,951.0007324,353.4376831,294.649804,-33.33233643,0.047937173,NaN,0,0,5000,0.991826355,0.991826355,0.991826355,4396.477581,932.6131333,5329.090715,,,30.53999996,597.5630493,19248.8708,19470.87442
2018-07-19T08:36:31Z,1531989391,10A06,40.9698138,44.3340227,919.37,0.2,-6.5,261.8,535905.38,-58156.03,256.2,Weapon+Missile,Blue,Enemies,R-27ER,,cn,,281.3134705,271.1066589,0.835078205,919.3738403,315.9897461,279.5299776,-31.62689209,0.050666281,NaN,0,0,5000,0.993243396,0.993243396,0.993243396,3956.863433,901.5977471,4858.46118,,,31.53999996,603.3840942,19526.74772,19750.58586
2018-07-19T08:36:32Z,1531989392,10A06,40.9665005,44.3336788,889.03,0.1,-6.5,261.8,535644.88,-58220.09,256.2,Weapon+Missile,Blue,Enemies,R-27ER,,cn,,269.9715629,260.3704224,0.80113028,889.0276489,283.9386597,268.2606073,-30.34619141,0.047770087,NaN,0,0,5000,0.993098736,0.993098736,0.993098736,3644.232238,871.8382993,4516.070538,,,32.53999996,605.0889893,19793.33212,20018.92946
2018-07-19T08:36:33Z,1531989393,10A06,40.9633487,44.3333514,860.17,0.1,-6.5,261.8,535397.12,-58281.03,256.2,Weapon+Missile,Blue,Enemies,R-27ER,,cn,,256.7616639,247.790329,0.761677898,860.1722412,256.2387695,255.1350966,-28.85540771,0.050229219,NaN,0,0,5000,0.992455959,0.992455959,0.992455959,3296.327603,843.5408109,4139.868413,,,33.53999996,603.9334717,20046.92824,20274.1965
2018-07-19T08:36:34Z,1531989394,10A06,40.9603064,44.3330354,832.32,0.1,-6.5,261.8,535158,-58339.86,256.2,Weapon+Missile,Blue,Enemies,R-27ER,,cn,,247.8243944,239.3606567,0.734930642,832.317688,231.506897,246.2540443,-27.85455322,0.049798939,NaN,0,0,5000,0.99344945,0.99344945,0.99344945,3070.846524,816.2248255,3887.071349,,,34.53999996,600.810791,20291.71289,20520.59313
2018-07-19T08:36:35Z,1531989395,10A06,40.9573865,44.332732,805.58,0.1,-6.5,261.8,534928.44,-58396.3,256.2,Weapon+Missile,Blue,Enemies,R-27ER,,cn,,237.9068578,229.9567719,0.705303545,805.5845947,211.1622314,236.4001157,-26.73309326,0.049296095,NaN,0,0,5000,0.993001938,0.993001938,0.993001938,2829.983649,790.0086166,3619.992266,,,35.53999996,594.4223633,20526.65439,20757.08065
2018-07-19T08:36:36Z,1531989396,10A06,40.9545874,44.3324411,779.96,0.1,-6.5,261.8,534708.38,-58450.43,256.2,Weapon+Missile,Blue,Enemies,R-27ER,,cn,,228.0659209,220.6091461,0.675930283,779.9599609,197.793457,226.6218048,-25.62463379,0.050760174,NaN,0,0,5000,0.992453575,0.992453575,0.992453575,2600.703213,764.8794351,3365.582648,,,36.53999996,582.1665039,20751.87588,20983.78299
2018-07-19T08:36:37Z,1531989397,10A06,40.9518912,44.3321608,755.28,0.1,-6.5,261.8,534496.44,-58502.56,256.2,Weapon+Missile,Blue,Enemies,R-27ER,,cn,,219.6454946,212.6300201,0.650790156,755.2776489,179.8704834,218.2542709,-24.68231201,0.050384546,NaN,0,0,5000,0.993642449,0.993642449,0.993642449,2412.207165,740.6743556,3152.881521,,,37.53999996,575.4071655,20968.82228,21202.15489
2018-07-19T08:36:38Z,1531989398,10A06,40.9492815,44.3318894,731.39,0.1,-6.5,261.8,534291.25,-58553.01,256.2,Weapon+Missile,Blue,Enemies,R-27ER,,cn,,212.6455334,206.0217133,0.629877536,731.3884277,151.473938,211.29938,-23.88922119,0.051970133,NaN,0,0,5000,0.99239558,0.99239558,0.99239558,2260.906143,717.2470325,2978.153176,,,38.53999996,579.9144897,21178.8091,21413.52054
2018-07-19T08:36:39Z,1531989399,10A06,40.9467678,44.331628,708.37,0,-6.5,261.8,534093.62,-58601.62,256.2,Weapon+Missile,Blue,Enemies,R-27ER,,cn,,204.8115469,198.584549,0.606512684,708.3745728,116.9525757,203.5144521,-23.01385498,0.051819285,NaN,0.199987939,0,5000,0.993335605,0.993335605,0.993335605,2097.388487,694.6781504,2792.066637,,,39.53999996,591.4219971,21381.07539,21617.11456
2018-07-19T08:36:40Z,1531989400,10A06,40.9443451,44.3313759,686.2,0,-6.5,261.8,533903.19,-58648.46,256.2,Weapon+Missile,Blue,Enemies,R-27ER,,cn,,197.363679,191.509079,0.584308917,686.2015381,85.67944336,196.1141971,-22.17303467,0.05120504,NaN,0,0,5000,0.992374122,0.992374122,0.992374122,1947.621089,672.9338313,2620.554921,,,40.53999996,600.5220947,21576.01522,21813.33253
2018-07-19T08:36:41Z,1531989401,10A06,40.9419971,44.3311317,664.71,0,-6.5,261.8,533718.62,-58693.86,256.2,Weapon+Missile,Blue,Enemies,R-27ER,,cn,,191.274758,185.7469025,0.566143069,664.7061157,59.50140381,190.0630945,-21.49542236,0.052302426,NaN,0,0,5000,0.993467748,0.993467748,0.993467748,1829.301653,651.854023,2481.155676,,,41.53999996,605.2047119,21764.9492,22003.50525
2018-07-19T08:36:42Z,1531989402,10A06,40.9397323,44.330896,643.97,0,-6.5,261.8,533540.56,-58737.65,256.2,Weapon+Missile,Blue,Enemies,R-27ER,,cn,,184.5381036,179.3395081,0.546074216,643.97229,37.13128662,183.3696272,-20.73382568,0.050692316,NaN,0,0,5000,0.993600309,0.993600309,0.993600309,1702.715585,631.5210858,2334.23667,,,42.53999996,606.8410034,21947.19478,22186.94503
2018-07-19T08:36:43Z,1531989403,10A06,40.9375322,44.3306669,623.83,0,-6.5,261.8,533367.56,-58780.19,256.2,Weapon+Missile,Blue,Enemies,R-27ER,,cn,,179.287925,174.3722229,0.530416152,623.8330688,13.27282715,178.1532257,-20.13922119,0.051526249,NaN,0,0,5000,0.99235028,0.99235028,0.99235028,1607.208003,611.7712565,2218.97926,,,43.53999996,610.5602417,22124.2297,22365.13926
2018-07-19T08:36:44Z,1531989404,10A06,40.9354153,44.3304466,604.46,0,-6.5,261.8,533201.19,-58821.12,256.2,Weapon+Missile,Blue,Enemies,R-27ER,,cn,,172.4284668,167.820343,0.510009874,604.4584351,-11.34606934,171.3365102,-19.37463379,0.051368387,NaN,0,0,5000,0.993610501,0.993610501,0.993610501,1486.578808,592.7712312,2079.350039,,,44.53999996,615.8045044,22294.57336,22536.59749
2018-07-19T08:36:45Z,1531989405,10A06,40.9333558,44.330232,585.61,0,-6.5,261.8,533039.25,-58860.95,256.2,Weapon+Missile,Blue,Enemies,R-27ER,,cn,,167.8238595,163.4616394,0.496283537,585.6054077,-36.59588623,166.7615399,-18.85302734,0.200477695,NaN,0.046172079,0.665522427,5000,0.613727689,0.613727689,0.613727689,1408.242392,574.2827272,1982.525119,,,45.53999996,622.2012939,22460.29331,22703.40176
2018-07-19T08:36:46Z,1531989406,10A06,40.9313732,44.3300257,563.72,-2.3,-9.4,261.8,532883.44,-58899.27,256.2,Weapon+Missile,Blue,Enemies,R-27ER,,cn,,161.9405781,157.8687897,0.47876615,563.7246094,-64.43066406,160.4555437,-21.88079834,0.05600779,NaN,2.307729675,2.203900128,3101.459285,0.125706911,0.125706911,0.125706911,1311.237542,552.8249941,1864.062536,,,46.53999996,628.1552734,22619.83559,22864.45174
