ISOTime,UnixTime,Id,Longitude,Latitude,Altitude,Roll,Pitch,Yaw,U,V,Heading,Type,Color,Coalition,Name,Group,Country,Pilot,TAS,CAS,M,ASL,AGL,GS,VS,AOA,AOS,RRT,TRT,TRD,G,LatG,LonG,Ek,Ep,Em,FFW,FFV,RelativeTime,Elev,GroundDistance,AirDistance
2018-07-19T08:36:03Z,1531989363,1240B,40.9461928,44.113303,1582.38,-81.7,0,316.3,536409.19,-82861.54,310.7,Weapon+Missile,Blue,Enemies,AIM-120B,,us,,352.707942,332.5449219,1.055087237,1582.378418,582.5702515,NaN,NaN,NaN,NaN,NaN,NaN,NaN,NaN,NaN,NaN,NaN,1551.783131,NaN,,,0.430000067,999.8081665,NaN,NaN
2018-07-19T08:36:04Z,1531989364,1240B,40.9424243,44.1161916,1589.62,-68.8,-0.3,315.8,536076.38,-82569.92,310.2,Weapon+Missile,Blue,Enemies,AIM-120B,,us,,442.5575495,416.0170288,1.323974472,1589.619995,641.2546387,442.4982985,7.241577148,0.76760684,NaN,9.615376389,1.686281238,5000,1.085873485,1.085873485,1.085873485,9792.859232,1558.884693,11351.74392,,,1.430000067,948.3653564,440.5837941,440.7528441
2018-07-19T08:36:05Z,1531989365,1240B,40.9375902,44.1197824,1578.11,-58.4,-1.4,315.6,535650.75,-82208.54,310,Weapon+Missile,Blue,Enemies,AIM-120B,,us,,558.4681982,520.1937256,1.670513222,1578.106934,679.9553833,558.3495122,-11.51306152,0.030810384,NaN,10.29231644,1.856415534,5000,0.777852893,0.777852893,0.777852893,15594.33642,1547.594236,17141.93066,,,2.430000067,898.1515503,996.4898,996.9160744
2018-07-19T08:36:06Z,1531989366,1240B,40.9316406,44.1241438,1560.39,-49,-1.6,315.5,535127.56,-81770.2,309.9,Weapon+Missile,Blue,Enemies,AIM-120B,,us,,682.7719046,631.6381836,2.041913253,1560.38916,591.6409302,682.5419799,-17.71777344,0.060630258,NaN,9.061523179,0.184517707,5000,0.792356908,0.792356908,0.792356908,23308.87369,1530.219036,24839.09272,,,3.430000067,968.74823,1676.022189,1676.846539
2018-07-19T08:36:07Z,1531989367,1240B,40.9247128,44.129216,1537.52,-41.2,-1.7,315.5,534518.56,-81260.43,309.9,Weapon+Missile,Blue,Enemies,AIM-120B,,us,,794.5270086,732.6182251,2.37549654,1537.515381,598.0475464,794.1976817,-22.8737793,0.040716099,NaN,7.44616295,0.158875923,5000,0.803550661,0.803550661,0.803550661,31563.65837,1507.787521,33071.44589,,,4.430000067,939.4678345,2466.753844,2468.100915
2018-07-19T08:36:08Z,1531989368,1240B,40.9173139,44.1346271,1511.11,-34.6,-1.8,315.5,533868.25,-80716.62,309.9,Weapon+Missile,Blue,Enemies,AIM-120B,,us,,848.1314577,781.8443604,2.53498385,1511.113037,601.7419434,847.7204054,-26.40234375,0.051659277,NaN,6.353831287,0.121141689,5000,0.952748299,0.952748299,0.952748299,35966.34848,1481.895667,37448.24414,,,5.430000067,909.3710938,3310.730272,3312.691822
2018-07-19T08:36:09Z,1531989369,1240B,40.9096741,44.1402485,1482.88,-29,-1.8,315.9,533196.5,-80151.27,310.3,Weapon+Missile,Blue,Enemies,AIM-120B,,us,,878.4461775,810.2764282,2.624727844,1482.877686,636.3026733,877.9922845,-28.23535156,0.043996127,NaN,5.292296946,0.206297166,5000,1.217521906,1.217521906,1.217521906,38583.38434,1454.206245,40037.59059,,,6.430000067,846.5750122,4184.870096,4187.492598
2018-07-19T08:36:10Z,1531989370,1240B,40.9017567,44.1461007,1455.52,-24.1,-1.6,315.4,532500.25,-79562.34,309.8,Weapon+Missile,Blue,Enemies,AIM-120B,,us,,912.3324838,842.0314331,2.725109126,1455.522217,678.2759399,911.922277,-27.35546875,0.08675642,NaN,4.784646551,0.632583946,5000,2.274480343,2.274480343,2.274480343,41617.52805,1427.379695,43044.90774,,,7.430000067,777.2462769,5092.847658,5096.091205
2018-07-19T08:36:11Z,1531989371,1240B,40.8934834,44.151938,1424.16,-20.8,-2.5,313.7,531775.81,-78977.78,308.2,Weapon+Missile,Blue,Enemies,AIM-120B,,us,,931.4001843,860.5841675,2.781048638,1424.164673,599.5574951,930.8721759,-31.35754395,0.017286043,NaN,3.276882292,1.560742622,5000,2.349945068,2.349945068,2.349945068,43375.31517,1396.628449,44771.94362,,,8.430000067,824.6071777,6019.635016,6023.617997
2018-07-19T08:36:12Z,1531989372,1240B,40.8855165,44.1572881,1379.24,-17.8,-3.1,312.2,531081.12,-78444.91,306.6,Weapon+Missile,Blue,Enemies,AIM-120B,,us,,876.6784281,812.4782104,2.616288892,1379.236084,566.8658447,875.5264064,-44.92858887,0.074632031,NaN,3.215383269,1.709939139,5000,3.265381575,3.265381575,3.265381575,38428.25332,1352.568554,39780.82187,,,9.430000067,812.3702393,6891.176856,6896.5084
2018-07-19T08:36:13Z,1531989373,1240B,40.8778804,44.162048,1336.54,-14.9,-3.3,308.8,530419.44,-77974.98,303.3,Weapon+Missile,Blue,Enemies,AIM-120B,,us,,812.6993756,755.7205811,2.42415221,1336.535278,627.114502,811.5768086,-42.70080566,0.295052162,NaN,2.584605054,3.21311714,5000,5.709139824,5.709139824,5.709139824,33024.01375,1310.693369,34334.70712,,,10.43000007,709.4207764,7699.042323,7705.673336
2018-07-19T08:36:14Z,1531989374,1240B,40.8704902,44.1660608,1268.36,-14.8,-7.4,305,529785.5,-77586.12,299.4,Weapon+Missile,Blue,Enemies,AIM-120B,,us,,746.8169826,697.8772583,2.22587452,1268.364624,623.6223145,743.6991108,-68.1706543,0.19117771,NaN,0.199987939,5.301583869,5000,6.832288265,6.832288265,6.832288265,27886.78028,1243.840794,29130.62107,,,11.43000007,644.7423096,8439.18806,8449.102356
2018-07-19T08:36:15Z,1531989375,1240B,40.8633572,44.1693005,1166.69,-12.9,-9.4,299.5,529180.38,-77281.12,293.9,Weapon+Missile,Blue,Enemies,AIM-120B,,us,,685.2292723,644.585144,2.039910591,1166.689209,578.6321411,677.6439077,-101.675415,0.2287259,NaN,2.261543936,5.281548363,5000,5.775974751,5.775974751,5.775974751,23476.95778,1144.131273,24621.08906,,,12.43000007,588.0570679,9113.32897,9130.994855
2018-07-19T08:36:16Z,1531989376,1240B,40.8564704,44.1718565,1063.37,-10,-9.2,295,528602.38,-77050.12,289.5,Weapon+Missile,Blue,Enemies,AIM-120B,,us,,630.9667804,597.5653076,1.876132196,1063.373779,500.5481567,622.4508013,-103.3154297,0.116716425,NaN,3.076948995,4.48176352,5000,4.936235428,4.936235428,4.936235428,19905.9539,1042.813447,20948.76735,,,13.43000007,562.8256226,9732.468734,9758.802282
2018-07-19T08:36:17Z,1531989377,1240B,40.8498889,44.173877,979.06,-6.1,-6.8,291.2,528054.56,-76876.23,285.7,Weapon+Missile,Blue,Enemies,AIM-120B,,us,,580.9027591,553.5112915,1.725592854,979.0599976,417.6262207,574.751426,-84.31378174,0.113018779,NaN,4.446197018,4.348673015,5000,5.21332407,5.21332407,5.21332407,16872.40078,960.1298725,17832.53065,,,14.43000007,561.4337769,10304.06531,10336.67432
2018-07-19T08:36:18Z,1531989378,1240B,40.8436392,44.1754718,927.81,-3,-4.4,287.9,527537.81,-76747.05,282.4,Weapon+Missile,Blue,Enemies,AIM-120B,,us,,535.11154,512.3449097,1.588631167,927.8115234,365.5374756,532.6518133,-51.24847412,0.180015582,NaN,2.476929683,4.39897309,5000,4.424041748,4.424041748,4.424041748,14317.21801,909.8722876,15227.0903,,,15.43000007,562.2740479,10833.68568,10868.84723
2018-07-19T08:36:19Z,1531989379,1240B,40.8377753,44.1767254,904.29,-0.2,-1.5,285.4,527055.62,-76652.77,279.8,Weapon+Missile,Blue,Enemies,AIM-120B,,us,,491.8811586,472.7618408,1.459894543,904.2884521,339.6904907,491.3183685,-23.52307129,0.246365833,NaN,2.046164806,3.090093907,5000,2.579489708,2.579489708,2.579489708,12097.35371,886.8040349,12984.15774,,,16.43000007,564.5979614,11322.20924,11358.00689
2018-07-19T08:36:20Z,1531989380,1240B,40.8323087,44.17776,892.19,-0.6,-2,284.5,526607.5,-76579.73,279,Weapon+Missile,Blue,Enemies,AIM-120B,,us,,454.1992757,437.897522,1.347868017,892.1945801,323.8218384,454.0382366,-12.09387207,0.15782274,NaN,0.969231164,0.562676693,5000,0.551491737,0.551491737,0.551491737,10314.8491,874.9439979,11189.7931,,,17.43000007,568.3727417,11773.58475,11809.60793
2018-07-19T08:36:21Z,1531989381,1240B,40.827247,44.1787664,873.22,-1.4,-3,287.2,526192.12,-76506.71,281.7,Weapon+Missile,Blue,Enemies,AIM-120B,,us,,422.1702,408.1443787,1.252546423,873.2207642,272.678772,421.7436095,-18.97381592,0.04874185,NaN,0.615427365,2.611217178,5000,2.96485877,2.96485877,2.96485877,8911.38389,856.3370407,9767.720931,,,18.43000007,600.5419922,12192.9299,12229.44008
2018-07-19T08:36:22Z,1531989382,1240B,40.8227087,44.1799252,851.13,-2,-3.5,292.6,525816.94,-76412.72,287.1,Weapon+Missile,Blue,Enemies,AIM-120B,,us,,387.4121329,375.4313049,1.149130371,851.1307373,188.3041992,386.7818396,-22.09002686,0.061244307,NaN,0.676899068,5.434305117,3280.128525,4.40759325,4.40759325,4.40759325,7504.408038,834.6741245,8339.082162,,,19.43000007,662.8265381,12577.52231,12614.71826
2018-07-19T08:36:23Z,1531989383,1240B,40.8188089,44.1813101,826.19,-3.6,-4.8,300.9,525490.44,-76288.72,295.4,Weapon+Missile,Blue,Enemies,AIM-120B,,us,,350.1430816,339.6402893,1.03828678,826.1922607,112.947876,349.2538475,-24.93847656,0.051049237,NaN,1.999988672,8.415004793,2056.416475,5.618532658,5.618532658,5.618532658,6130.008881,810.2178334,6940.226714,,,20.43000007,713.2443848,12924.92793,12963.0634
2018-07-19T08:36:24Z,1531989384,1240B,40.815746,44.1829096,797.43,-5,-5.5,309.5,525228.5,-76134.45,304,Weapon+Missile,Blue,Enemies,AIM-120B,,us,,305.345932,296.0147095,0.905150204,797.4346313,57.84088135,303.9887119,-28.75762939,0.104418459,NaN,0.600018458,8.432891351,2059.019375,5.591715813,5.591715813,5.591715813,4661.806911,782.0162328,5443.823143,,,21.43000007,739.59375,13227.4017,13266.93949
