ISOTime,UnixTime,Id,Longitude,Latitude,Altitude,Roll,Pitch,Yaw,U,V,Heading,Type,Color,Coalition,Name,Group,Country,Pilot,TAS,CAS,M,ASL,AGL,GS,VS,AOA,AOS,RRT,TRT,TRD,G,LatG,LonG,Ek,Ep,Em,FFW,FFV,RelativeTime,Elev,GroundDistance,AirDistance
2018-07-19T08:37:39Z,1531989459,27F0A,41.1413555,44.2246909,1057.09,110.1,5,270.7,550797.06,-68949.6,264.9,Weapon+Missile,Blue,Enemies,AIM-120B,,us,,170.2508266,162.3096619,0.506191309,1057.089233,355.3464355,NaN,NaN,NaN,NaN,NaN,NaN,NaN,NaN,NaN,NaN,NaN,1036.650413,NaN,,,0.059999943,701.7427979,NaN,NaN
2018-07-19T08:37:40Z,1531989460,27F0A,41.1392119,44.2243512,1063.37,89.3,-2.1,270.9,550629.56,-69004.42,265.1,Weapon+Missile,Blue,Enemies,AIM-120B,,us,,176.354795,168.1213379,0.5243777,1063.373901,353.3255615,176.2427776,6.284667969,11.10434233,NaN,19.98464174,12.68545462,1040.571544,1.866241336,1.866241336,1.866241336,1555.050686,1042.813567,2597.864253,,,1.059999943,710.0483398,175.1347248,175.2765442
2018-07-19T08:37:41Z,1531989461,27F0A,41.1358246,44.2241289,1042.02,75.2,-4.1,275.3,550361.44,-69056.12,269.6,Weapon+Missile,Blue,Enemies,AIM-120B,,us,,273.8978257,262.5397949,0.814214031,1042.024658,324.6399536,273.0645139,-21.34924316,3.292080923,NaN,12.19997461,3.929288301,1278.258596,6.578107357,6.578107357,6.578107357,3751.000947,1021.877111,4772.878059,,,2.059999943,717.3847046,446.480708,447.5057478
2018-07-19T08:37:42Z,1531989462,27F0A,41.1309152,44.2245624,1020.76,66.9,-1.3,278.5,549964.38,-69047.05,272.8,Weapon+Missile,Blue,Enemies,AIM-120B,,us,,397.7350277,382.9145813,1.182054119,1020.758423,280.6235352,397.1660855,-21.26623535,0.350870559,NaN,7.184648667,3.414517647,5000,3.102875948,3.102875948,3.102875948,7909.657612,1001.022059,8910.679671,,,3.059999943,740.1348877,841.0805393,842.7419333
2018-07-19T08:37:43Z,1531989463,27F0A,41.1245745,44.2252952,1012.68,58.1,-0.6,279.6,549449.75,-69016.09,273.9,Weapon+Missile,Blue,Enemies,AIM-120B,,us,,515.618761,492.6887512,1.532257675,1012.681519,277.4915161,515.5554968,-8.076904297,0.163979243,NaN,8.861542071,1.830364979,5000,1.222495556,1.222495556,1.222495556,13293.13533,993.1013214,14286.23665,,,4.059999943,735.1900024,1353.431181,1355.237897
2018-07-19T08:37:44Z,1531989464,27F0A,41.116733,44.2262771,1002.89,49.9,-0.9,280.3,548812.44,-68969.35,274.6,Weapon+Missile,Blue,Enemies,AIM-120B,,us,,639.0993467,606.5599976,1.89898904,1002.887634,276.246582,639.024299,-9.793884277,0.072899368,NaN,7.892310907,0.765998031,5000,1.310292482,1.310292482,1.310292482,20422.39875,983.4968019,21405.89555,,,5.059999943,726.6410522,1988.437262,1990.419823
2018-07-19T08:37:45Z,1531989465,27F0A,41.1081953,44.2274371,990.83,42.9,-0.9,281.3,548117.56,-68908.3,275.6,Weapon+Missile,Blue,Enemies,AIM-120B,,us,,697.6563499,660.902771,2.072694533,990.8276978,271.9052124,697.5521059,-12.05993652,0.065773806,NaN,6.723091804,0.945413227,5000,1.745892048,1.745892048,1.745892048,24336.21913,971.6700442,25307.88917,,,6.059999943,718.9224854,2681.616343,2683.812128
2018-07-19T08:37:46Z,1531989466,27F0A,41.099211,44.228787,978.34,37.1,-0.9,282.6,547384.94,-68829.62,276.8,Weapon+Missile,Blue,Enemies,AIM-120B,,us,,736.9435972,697.5993652,2.189099673,978.3384399,260.7410278,736.8377595,-12.48925781,0.051561533,NaN,5.584581231,1.232647655,5000,2.209177971,2.209177971,2.209177971,27154.29327,959.4222662,28113.71554,,,7.059999943,717.5974121,3413.863642,3416.278948
2018-07-19T08:37:47Z,1531989467,27F0A,41.0898217,44.2303626,967.95,32.2,-0.5,283.8,546617.56,-68728.98,278.1,Weapon+Missile,Blue,Enemies,AIM-120B,,us,,774.0160507,732.2770996,2.298948852,967.9499512,235.7663574,773.9463328,-10.38848877,0.044436134,NaN,4.584586895,1.347648724,5000,2.476205826,2.476205826,2.476205826,29955.04234,949.2346389,30904.27698,,,8.059999943,732.1835938,4183.075059,4185.677863
2018-07-19T08:37:48Z,1531989468,27F0A,41.0801287,44.2321462,965,28.3,0.2,285,545823.62,-68607.55,279.3,Weapon+Missile,Blue,Enemies,AIM-120B,,us,,803.1753504,759.4385376,2.385475444,964.9968872,265.7764893,803.1699216,-2.953063965,0.018710043,NaN,3.646173545,1.505939638,5000,2.911398411,2.911398411,2.911398411,32254.53217,946.3386724,33200.87085,,,9.059999943,699.2203979,4981.314861,4984.044084
2018-07-19T08:37:49Z,1531989469,27F0A,41.0709814,44.2340114,972.27,24.7,0.7,287,545072.44,-68472.65,281.3,Weapon+Missile,Blue,Enemies,AIM-120B,,us,,763.2385836,722.1459961,2.267050815,972.2692261,286.4556274,763.2039364,7.272338867,0.067958316,NaN,3.676936717,1.962204279,5000,3.27616787,3.27616787,3.27616787,29126.65678,953.4704006,30080.12718,,,10.05999994,685.8135986,5739.883018,5742.762297
2018-07-19T08:37:50Z,1531989470,27F0A,41.0626582,44.2359699,982.06,21.3,0.7,289.5,544386.12,-68320.8,283.8,Weapon+Missile,Blue,Enemies,AIM-120B,,us,,702.9791244,666.0700684,2.08829735,982.0623169,322.0100708,702.9109081,9.79309082,0.194886691,NaN,3.476948778,2.165484582,5000,2.515758753,2.515758753,2.515758753,24708.98247,963.074142,25672.05661,,,11.05999994,660.0522461,6438.61239,6441.667332
2018-07-19T08:37:51Z,1531989471,27F0A,41.0550265,44.2379725,989.84,18.4,0.9,290.6,543754.56,-68158.52,284.9,Weapon+Missile,Blue,Enemies,AIM-120B,,us,,652.1230129,618.8996582,1.937395824,989.8446045,343.4176636,652.0765752,7.782287598,0.099615141,NaN,2.476899801,1.193971602,5000,1.584619522,1.584619522,1.584619522,21263.2212,970.7059591,22233.92716,,,12.05999994,646.4269409,7086.825735,7090.027587
2018-07-19T08:37:52Z,1531989472,27F0A,41.0480086,44.2398331,1002.35,16.7,2,289,543173.62,-68007.14,283.3,Weapon+Missile,Blue,Enemies,AIM-120B,,us,,600.4677821,570.9976807,1.784190048,1002.351501,359.0880127,600.3375174,12.50689697,0.088285198,NaN,1.123047024,1.982878621,5000,4.169558525,4.169558525,4.169558525,18028.07786,982.9710352,19011.0489,,,13.05999994,643.2634888,7683.62317,7687.049242
2018-07-19T08:37:53Z,1531989473,27F0A,41.0414425,44.2412696,1027.59,15.1,3.1,284.9,542633.5,-67899.25,279.3,Weapon+Missile,Blue,Enemies,AIM-120B,,us,,551.373358,525.2860107,1.638790797,1027.593872,387.2454224,550.7952456,25.24237061,0.018255104,NaN,1.707711217,4.011666786,5000,4.310863018,4.310863018,4.310863018,15200.62899,1007.725345,16208.35434,,,14.05999994,640.3484497,8231.145864,8235.240537
2018-07-19T08:37:54Z,1531989474,27F0A,41.0353263,44.2422662,1058.74,13.3,4.1,280.1,542134.12,-67836.67,274.5,Weapon+Missile,Blue,Enemies,AIM-120B,,us,,504.2431994,481.3479919,1.499248943,1058.735352,418.0159912,503.2806497,31.14147949,0.089084866,NaN,1.538431809,5.222229451,4530.376886,5.701951504,5.701951504,5.701951504,12713.0602,1038.264704,13751.32491,,,15.05999994,640.7193604,8731.376215,8736.520952
2018-07-19T08:37:55Z,1531989475,27F0A,41.0296879,44.242729,1097.54,13,5.8,272.5,541678.75,-67829.61,266.8,Weapon+Missile,Blue,Enemies,AIM-120B,,us,,457.0798072,437.2050476,1.359628401,1097.538452,455.2696533,455.4297636,38.80310059,0.201873474,NaN,0.107698423,7.954459652,3045.363876,6.997756481,6.997756481,6.997756481,10446.09751,1076.317546,11522.41505,,,16.05999994,642.2687988,9183.970319,9190.851626
