ISOTime,UnixTime,Id,Longitude,Latitude,Altitude,Roll,Pitch,Yaw,U,V,Heading,Type,Color,Coalition,Name,Group,Country,Pilot,TAS,CAS,M,ASL,AGL,GS,VS,AOA,AOS,RRT,TRT,TRD,G,LatG,LonG,Ek,Ep,Em,FFW,FFV,RelativeTime,Elev,GroundDistance,AirDistance
2018-07-19T08:37:57Z,1531989477,2AD08,40.8792151,44.114498,1178.12,-73,0.7,207.7,531035.31,-83247.46,202.1,Weapon+Missile,Blue,Enemies,R-27ET,,cn,,308.4435602,294.585083,0.918350281,1178.122314,159.7952881,NaN,NaN,NaN,NaN,NaN,NaN,NaN,NaN,NaN,NaN,NaN,1155.34332,NaN,,,0.319999933,1018.327026,NaN,NaN
2018-07-19T08:37:58Z,1531989478,2AD08,40.87627,44.111008,1178.34,-58.9,3,205.4,530836.94,-83657.91,199.9,Weapon+Missile,Blue,Enemies,R-27ET,,cn,,455.8706427,434.764679,1.357298529,1178.340698,233.3320313,455.8705904,0.218383789,3.756347095,NaN,13.27691786,12.13040841,2910.045993,8.590352058,8.590352058,8.590352058,10390.90214,1155.557481,11546.45962,,,1.319999933,945.008667,454.2517139,454.3356802
2018-07-19T08:37:59Z,1531989479,2AD08,40.872979,44.1053476,1210.85,-47.7,4.4,196,530634.06,-84312.12,190.5,Weapon+Missile,Blue,Enemies,R-27ET,,cn,,685.7237038,643.8247681,2.042425745,1210.845459,343.5639648,684.9528732,32.50476074,0.924401519,NaN,10.63075914,6.984624443,4410.111298,11.79922199,11.79922199,11.79922199,23510.8499,1187.433762,24698.28366,,,2.319999933,867.2814941,1137.062978,1138.047932
2018-07-19T08:38:00Z,1531989480,2AD08,40.8702952,44.0975476,1276.95,-38.7,3.7,192.3,530502.56,-85199.38,186.8,Weapon+Missile,Blue,Enemies,R-27ET,,cn,,899.3821691,837.0389404,2.680859071,1276.948486,484.1272583,896.9496507,66.10302734,0.053029021,NaN,8.446136796,5.572598091,5000,6.302499771,6.302499771,6.302499771,40444.4143,1252.258687,41696.67299,,,3.319999933,792.821228,2031.471637,2035.06996
2018-07-19T08:38:01Z,1531989481,2AD08,40.8682823,44.0894125,1322.85,-31.4,2,188.2,530428.31,-86118.69,182.7,Weapon+Missile,Blue,Enemies,R-27ET,,cn,,923.4397137,857.2966309,2.754035289,1322.847656,572.7920532,922.2983091,45.89916992,0.065967167,NaN,7.076916093,4.046238642,5000,6.257383823,6.257383823,6.257383823,42637.04524,1297.270397,43934.31563,,,4.319999933,750.055603,2951.254567,2956.184636
2018-07-19T08:38:02Z,1531989482,2AD08,40.8670378,44.081444,1339.6,-25.5,-0.2,183.7,530413.81,-87013.57,178.1,Weapon+Missile,Blue,Enemies,R-27ET,,cn,,895.1570901,830.8035889,2.670205465,1339.602295,591.3254395,895.0002783,16.75463867,0.514022131,NaN,5.569261117,6.875802454,5000,13.68217087,13.68217087,13.68217087,40065.3108,1313.701085,41379.01189,,,5.319999933,748.2768555,3843.864294,3849.137864
2018-07-19T08:38:03Z,1531989483,2AD08,40.8674119,44.0738845,1303.35,-20.2,-4.1,173.8,530524.44,-87850.55,168.3,Weapon+Missile,Blue,Enemies,R-27ET,,cn,,845.0334616,786.3513184,2.519629141,1303.354614,579.6066895,844.2556821,-36.24768066,0.555292345,NaN,4.9077129,7.107653225,5000,7.249254227,7.249254227,7.249254227,35704.07756,1278.154253,36982.23181,,,6.319999933,723.7479248,4685.922424,4692.150105
2018-07-19T08:38:04Z,1531989484,2AD08,40.8686072,44.0666016,1242.24,-16.3,-4.3,173.2,530697.94,-88650.48,167.6,Weapon+Missile,Blue,Enemies,R-27ET,,cn,,820.8152829,766.3261719,2.445684473,1242.236084,523.8141479,818.536654,-61.11853027,0.033117859,NaN,3.646197451,2.293444548,5000,0.986166596,0.986166596,0.986166596,33686.88643,1218.217449,34905.10388,,,7.319999933,718.421936,5502.268224,5510.943084
2018-07-19T08:38:05Z,1531989485,2AD08,40.8698218,44.0593739,1181.17,-13.3,-4.3,173.1,530872.44,-89444.13,167.6,Weapon+Missile,Blue,Enemies,R-27ET,,cn,,814.8970294,762.9765625,2.426334658,1181.169922,501.2227783,812.6057423,-61.06616211,0.029731602,NaN,2.876961056,0.052339163,5000,1.044081926,1.044081926,1.044081926,33202.85843,1158.332001,34361.19043,,,8.319999933,679.9471436,6312.692362,6323.818187
2018-07-19T08:38:06Z,1531989486,2AD08,40.8710237,44.052236,1121.32,-10.8,-4.2,173.1,531045,-90227.89,167.6,Weapon+Missile,Blue,Enemies,R-27ET,,cn,,804.7584387,755.6676636,2.394489939,1121.319946,440.1600342,802.5298281,-59.84997559,0.055770141,NaN,2.307669911,0.052339163,5000,1.051448584,1.051448584,1.051448584,32381.80723,1099.639225,33481.44646,,,9.319999933,681.1599121,7113.076768,7126.581227
2018-07-19T08:38:07Z,1531989487,2AD08,40.8722185,44.0451519,1062.44,-8.7,-4.2,173.1,531216.38,-91005.73,167.6,Weapon+Missile,Blue,Enemies,R-27ET,,cn,,798.6717716,752.0157471,2.374764897,1062.44458,347.5709229,796.4987696,-58.87536621,0.040378161,NaN,1.938479403,0.052339163,5000,1.175137043,1.175137043,1.175137043,31893.82994,1041.902214,32935.73215,,,10.31999993,714.8736572,7907.4509,7923.269775
2018-07-19T08:38:08Z,1531989488,2AD08,40.8733267,44.0386267,1009.91,-7.2,-3.6,172.9,531374.94,-91722.14,167.3,Weapon+Missile,Blue,Enemies,R-27ET,,cn,,735.6223694,695.425415,2.185969671,1009.906128,290.5258179,733.7438119,-52.53845215,0.238658243,NaN,1.338440455,0.335573624,5000,1.621118307,1.621118307,1.621118307,27057.01352,990.3795929,28047.39311,,,11.31999993,719.3803101,8639.219487,8657.040553
2018-07-19T08:38:09Z,1531989489,2AD08,40.8743518,44.032753,967.9,-5.8,-3.7,172.9,531519.81,-92366.81,167.3,Weapon+Missile,Blue,Enemies,R-27ET,,cn,,662.0841082,628.6692505,1.966492258,967.8969116,244.9769287,660.7500224,-42.00921631,0.050893028,NaN,1.18460325,0.265408905,5000,0.889825761,0.889825761,0.889825761,21917.76831,949.1826248,22866.95094,,,12.31999993,722.9199829,9298.200982,9317.461672
2018-07-19T08:38:10Z,1531989490,2AD08,40.8752887,44.0273622,928.34,-4.7,-3.8,172.9,531652.5,-92958.52,167.4,Weapon+Missile,Blue,Enemies,R-27ET,,cn,,607.6870568,579.3997803,1.804103181,928.336853,163.8378906,606.3980218,-39.56005859,0.037312062,NaN,1.06152068,0.112342178,5000,0.916657388,0.916657388,0.916657388,18464.17795,910.38746,19374.56541,,,13.31999993,764.4989624,9902.975733,9923.61862
2018-07-19T08:38:11Z,1531989491,2AD08,40.8761458,44.022415,891.29,-3.8,-3.8,172.9,531774,-93501.55,167.4,Weapon+Missile,Blue,Enemies,R-27ET,,cn,,557.6971311,533.9953003,1.654987929,891.2907104,113.177124,556.4653389,-37.04614258,0.041138801,NaN,0.907692013,0.100384471,5000,0.941634238,0.941634238,0.941634238,15551.3045,874.0576046,16425.36211,,,14.31999993,778.1135864,10457.94997,10479.90694
2018-07-19T08:38:12Z,1531989492,2AD08,40.8769298,44.0178772,856.75,-3.1,-3.9,173,531885.38,-93999.67,167.4,Weapon+Missile,Blue,Enemies,R-27ET,,cn,,511.5839454,491.9378052,1.517543036,856.7507324,40.73913574,510.4166172,-34.53997803,0,NaN,0.600018458,0.050435277,5000,0.953259945,0.953259945,0.953259945,13085.90666,840.185457,13926.09212,,,15.31999993,816.0115967,10966.97963,10990.1767
2018-07-19T08:38:13Z,1531989493,2AD08,40.8776549,44.0136708,824.32,-2.5,-3.9,173,531988.44,-94461.41,167.4,Weapon+Missile,Blue,Enemies,R-27ET,,cn,,474.2148584,457.7315063,1.406169206,824.3161011,-80.31433105,473.1043507,-32.43463135,0.050147923,NaN,0.46151076,0.050435277,5000,0.967671156,0.967671156,0.967671156,11243.9866,808.3779493,12052.36455,,,16.31999993,904.6304321,11438.81731,11463.1899
2018-07-19T08:38:14Z,1531989494,2AD08,40.8783219,44.0097944,794.12,-2,-4,173,532083.31,-94886.95,167.4,Weapon+Missile,Blue,Enemies,R-27ET,,cn,,437.0241406,423.357605,1.295440353,794.1169434,-175.0574951,435.9794839,-30.19915771,0.038556629,NaN,0.523099856,0.050435277,5000,0.972139776,0.972139776,0.972139776,9549.504974,778.7626923,10328.26767,,,17.31999993,969.1744385,11873.62879,11899.10386
2018-07-19T08:38:15Z,1531989495,2AD08,40.8789393,44.0062006,765.89,-1.6,-4,173,532171.19,-95281.45,167.4,Weapon+Missile,Blue,Enemies,R-27ET,,cn,,405.1605893,393.5914307,1.200600948,765.8915405,-252.8701782,404.176236,-28.22540283,0.039727713,NaN,0.384592157,0.013988227,5000,0.9798823,0.9798823,0.9798823,8207.755156,751.0830276,8958.838183,,,18.31999993,1018.761719,12276.7331,12303.24431
2018-07-19T08:38:16Z,1531989496,2AD08,40.8795102,44.0028732,739.59,-1.3,-4,173,532252.56,-95646.74,167.5,Weapon+Missile,Blue,Enemies,R-27ET,,cn,,375.1666343,365.1407471,1.111385753,739.5853882,-321.9741821,374.2432228,-26.30615234,0.049152726,NaN,0.2461391,0.051396036,5000,0.984669745,0.984669745,0.984669745,7037.500173,725.2855047,7762.785678,,,19.31999993,1061.55957,12649.94777,12677.42887
2018-07-19T08:38:17Z,1531989497,2AD08,40.8800427,43.999766,714.89,-1.1,-4.1,173,532328.38,-95987.85,167.5,Weapon+Missile,Blue,Enemies,R-27ET,,cn,,350.3044839,341.2059631,1.037441237,714.885376,-351.5849609,349.4325985,-24.70001221,0.063540714,NaN,0.261577249,0.071326265,5000,0.985198259,0.985198259,0.985198259,6135.661574,701.0630672,6836.724641,,,20.31999993,1066.470337,12998.45759,13026.85252
2018-07-19T08:38:18Z,1531989498,2AD08,40.8805319,43.9969101,692.09,-0.9,-4.1,173,532398.12,-96301.37,167.5,Weapon+Missile,Blue,Enemies,R-27ET,,cn,,321.988727,313.6291809,0.95333426,692.0899658,-353.0418701,321.1808052,-22.79541016,0.061197662,NaN,0.169220711,0.050435277,5000,0.988536477,0.988536477,0.988536477,5183.837017,678.7084063,5862.545423,,,21.31999993,1045.131836,13318.7782,13348.01845
2018-07-19T08:38:19Z,1531989499,2AD08,40.8809906,43.9942297,670.62,-0.7,-4.1,173,532463.56,-96595.62,167.5,Weapon+Missile,Blue,Enemies,R-27ET,,cn,,302.2095643,294.4096375,0.894553068,670.621521,-374.0358276,301.4460592,-21.46844482,0.033887814,NaN,0.199987939,0,5000,0.991116285,0.991116285,0.991116285,4566.531037,657.6550539,5224.186091,,,22.31999993,1044.657349,13619.40985,13649.4477
2018-07-19T08:38:20Z,1531989500,2AD08,40.88142,43.9917187,650.46,-0.6,-4.1,173,532524.88,-96871.29,167.5,Weapon+Missile,Blue,Enemies,R-27ET,,cn,,283.1193063,275.8611755,0.837851944,650.4561157,-455.4011841,282.4002444,-20.16540527,0.022391526,NaN,0,0,5000,0.992635071,0.992635071,0.992635071,4007.827079,637.8795467,4645.706626,,,23.31999993,1105.8573,13901.04361,13931.83157
2018-07-19T08:38:21Z,1531989501,2AD08,40.881826,43.9893443,631.35,-0.5,-4.1,173,532582.75,-97131.96,167.5,Weapon+Missile,Blue,Enemies,R-27ET,,cn,,267.7023793,260.9167175,0.792054738,631.3453369,-534.0955811,267.0193664,-19.11077881,0.029120235,NaN,0.015383614,0,5000,0.993683279,0.993683279,0.993683279,3583.228195,619.1382748,4202.36647,,,24.31999993,1165.440918,14167.34769,14198.84718
2018-07-19T08:38:22Z,1531989502,2AD08,40.8822113,43.9870896,613.16,-0.4,-4.1,173,532637.75,-97379.48,167.5,Weapon+Missile,Blue,Enemies,R-27ET,,cn,,254.2114774,247.8547821,0.751982841,613.1622925,-590.895813,253.560352,-18.18304443,0.03073327,NaN,0,0,5000,0.994576156,0.994576156,0.994576156,3231.173761,601.3067996,3832.48056,,,25.31999993,1204.058105,14420.23584,14452.41279
2018-07-19T08:38:23Z,1531989503,2AD08,40.882576,43.9849551,595.92,-0.3,-4.1,173,532689.88,-97613.82,167.5,Weapon+Missile,Blue,Enemies,R-27ET,,cn,,240.681734,234.7436523,0.711820371,595.918457,-621.5997314,240.0632151,-17.24383545,0.027980217,NaN,0,0,5000,0.995947897,0.995947897,0.995947897,2896.384855,584.3963737,3480.781228,,,26.31999993,1217.518188,14659.63577,14692.45559
2018-07-19T08:38:24Z,1531989504,2AD08,40.8829244,43.9829148,579.42,-0.2,-4.1,173,532739.56,-97837.82,167.5,Weapon+Missile,Blue,Enemies,R-27ET,,cn,,230.037052,224.4549713,0.680210459,579.4200439,-655.3222656,229.4446505,-16.49841309,0.027369595,NaN,0.20004258,0,5000,0.996932805,0.996932805,0.996932805,2645.852265,568.2169574,3214.069222,,,27.31999993,1234.74231,14888.47058,14921.9054
2018-07-19T08:38:25Z,1531989505,2AD08,40.8832561,43.9809726,563.71,-0.2,-4.1,173,532786.94,-98051.05,167.5,Weapon+Missile,Blue,Enemies,R-27ET,,cn,,218.9906007,213.7610474,0.647430471,563.7061768,-692.8062744,218.4260918,-15.71386719,0.017597443,NaN,0,0,5000,0.995736301,0.995736301,0.995736301,2397.84416,552.8069178,2950.651078,,,28.31999993,1256.512451,15106.30005,15140.32039
2018-07-19T08:38:26Z,1531989506,2AD08,40.8835728,43.9791174,548.68,-0.2,-4.1,173,532832.12,-98254.71,167.5,Weapon+Missile,Blue,Enemies,R-27ET,,cn,,209.1573393,204.2474518,0.618253158,548.6784668,-740.782959,208.6167791,-15.02770996,0.033851303,NaN,0,0,5000,0.996936619,0.996936619,0.996936619,2187.339629,538.0697686,2725.409397,,,29.31999993,1289.461426,15314.3732,15348.95361
2018-07-19T08:38:27Z,1531989507,2AD08,40.8838755,43.9773445,534.31,-0.1,-4.1,173,532875.38,-98449.34,167.5,Weapon+Missile,Blue,Enemies,R-27ET,,cn,,199.8975082,195.2866364,0.590785009,534.3076782,-765.5628052,199.3802754,-14.37078857,0.029883647,NaN,0,0,5000,0.99739033,0.99739033,0.99739033,1997.950688,523.9768393,2521.927528,,,30.31999993,1299.870483,15513.21594,15548.33181
2018-07-19T08:38:28Z,1531989508,2AD08,40.8841661,43.9756414,520.5,-0.1,-4.1,173,532916.88,-98636.32,167.5,Weapon+Missile,Blue,Enemies,R-27ET,,cn,,192.0238496,187.677002,0.567425587,520.4992065,-757.7435913,191.5267212,-13.80847168,0.031911973,NaN,0,0,5000,0.99762094,0.99762094,0.99762094,1843.657941,510.4353544,2354.093295,,,31.31999993,1278.242798,15704.22124,15739.85134
2018-07-19T08:38:29Z,1531989509,2AD08,40.8844453,43.9740053,507.23,-0.1,-4.1,173,532956.81,-98815.94,167.5,Weapon+Missile,Blue,Enemies,R-27ET,,cn,,184.4813514,180.3836975,0.545055303,507.2315369,-742.785675,184.0036357,-13.26766968,0.035297878,NaN,0,0,5000,0.99673593,0.99673593,0.99673593,1701.668451,497.4242151,2199.092666,,,32.31999993,1250.017212,15887.71924,15923.84313
2018-07-19T08:38:30Z,1531989510,2AD08,40.8847127,43.9724382,494.51,-0.1,-4.1,173,532995,-98987.99,167.5,Weapon+Missile,Blue,Enemies,R-27ET,,cn,,176.6999159,172.8473358,0.521989216,494.5130615,-748.5494385,176.2415974,-12.71847534,0.037438546,NaN,0,0,5000,0.997245193,0.997245193,0.997245193,1561.143013,484.9516515,2046.094665,,,33.31999993,1243.0625,16063.48265,16100.07986
2018-07-19T08:38:31Z,1531989511,2AD08,40.8849697,43.9709327,482.29,-0.1,-4.1,173,533031.62,-99153.27,167.5,Weapon+Missile,Blue,Enemies,R-27ET,,cn,,169.731162,166.1003571,0.501333047,482.290741,-757.14505,169.2905261,-12.22232056,0.030850118,NaN,0,0,5000,0.97350657,0.97350657,0.97350657,1440.433367,472.9656495,1913.399017,,,34.31999993,1239.435791,16232.33427,16269.38616
2018-07-19T08:38:32Z,1531989512,2AD08,40.8852159,43.9694891,470.33,0.1,-4.9,173,533066.88,-99311.76,167.5,Weapon+Missile,Blue,Enemies,R-27ET,,cn,,162.7972282,159.3817291,0.480786897,470.3292236,-775.9954834,162.3571976,-11.96151733,0.122791258,NaN,0.123076941,1.265399692,3858.40675,0.313780129,0.313780129,0.313780129,1325.146876,461.2354081,1786.382284,,,35.31999993,1246.324707,16394.23984,16431.74504
2018-07-19T08:38:33Z,1531989513,2AD08,40.8854527,43.9681022,452.2,0.6,-8.5,173,533100.69,-99464.02,167.5,Weapon+Missile,Blue,Enemies,R-27ET,,cn,,157.0174482,153.8355255,0.463621884,452.1976929,-812.117981,155.967069,-18.13153076,0.04824094,NaN,0.569230847,3.088459784,2522.134409,0.009872097,0.009872097,0.009872097,1232.723952,443.4544505,1676.178402,,,36.31999993,1264.315674,16549.78824,16588.3578
2018-07-19T08:38:34Z,1531989514,2AD08,40.8856796,43.9667757,425.36,1.1,-12,173,533133.06,-99609.65,167.5,Weapon+Missile,Blue,Enemies,R-27ET,,cn,,151.5827142,148.6806335,0.447438274,425.3599854,-867.0618896,149.1879911,-26.83770752,0.031162649,NaN,0.399999997,3.604188799,2376.181761,0.006010321,0.006010321,0.006010321,1148.865962,417.13565,1566.001612,,,37.31999993,1292.421875,16698.57116,16739.55193
2018-07-19T08:38:35Z,1531989515,2AD08,40.8858996,43.9654949,389.84,1.5,-15.7,173,533164.38,-99750.25,167.4,Weapon+Missile,Blue,Enemies,R-27ET,,cn,,148.3614048,145.7512207,0.437752924,389.837677,-934.9850769,144.0460761,-35.52230835,0.041604652,NaN,0.430769145,3.631101452,2320.892,0.014861389,0.014861389,0.014861389,1100.555321,382.3001655,1482.855487,,,38.31999993,1324.822754,16842.2381,16887.55417
2018-07-19T08:38:36Z,1531989516,2AD08,40.8861114,43.9642699,346.36,1.8,-19.4,172.9,533194.44,-99884.7,167.4,Weapon+Missile,Blue,Enemies,R-27ET,,cn,,144.4711232,142.2058411,0.426063912,346.3576965,-1014.527069,137.7729898,-43.47998047,0.035838644,NaN,0.384615423,3.67339313,2263.91531,0.02486985,0.02486985,0.02486985,1043.595272,339.6608705,1383.256142,,,39.31999993,1360.884766,16979.65012,17031.68866
2018-07-19T08:38:37Z,1531989517,2AD08,40.8863164,43.9630946,295.14,2.1,-23,172.8,533223.5,-100013.71,167.3,Weapon+Missile,Blue,Enemies,R-27ET,,cn,,141.811787,139.9126434,0.417978305,295.1430664,-1088.896606,132.2408583,-51.21463013,0.01589129,NaN,0.323077339,3.647369255,2247.2223,0.017684828,0.017684828,0.017684828,1005.529147,289.4364752,1294.965622,,,40.31999993,1384.039673,17111.51724,17173.15817
2018-07-19T08:38:38Z,1531989518,2AD08,40.8865168,43.9619597,236.18,2.3,-26.6,172.7,533251.69,-100138.25,167.2,Weapon+Missile,Blue,Enemies,R-27ET,,cn,,140.6451824,139.1364594,0.414263031,236.1807556,-1162.156158,127.6891274,-58.96231079,0.023252825,NaN,0.199999892,3.597310372,2281.886988,0.029346785,0.029346785,0.029346785,989.0533669,231.6142007,1220.667568,,,41.31999993,1398.336914,17238.87056,17313.50337
2018-07-19T08:38:39Z,1531989519,2AD08,40.8867113,43.9608744,170.37,2.5,-30.1,172.6,533278.88,-100257.33,167.1,Weapon+Missile,Blue,Enemies,R-27ET,,cn,,138.7437069,137.6682434,0.4083582,170.3699951,-1243.141724,122.142376,-65.8107605,0.056553315,NaN,0.199999892,3.49731128,2301.156443,0.035492543,0.035492543,0.035492543,962.4908104,167.0758913,1129.566702,,,42.31999993,1413.511719,17360.68275,17451.9599
2018-07-19T08:38:40Z,1531989520,2AD08,40.8869028,43.9598246,97.18,2.6,-33.5,172.5,533305.5,-100372.48,166.9,Weapon+Missile,Blue,Enemies,R-27ET,,cn,,139.0210581,138.4070435,0.408836394,97.17845154,-1339.351944,118.1941307,-73.19154358,0.048967668,NaN,0.030769148,3.380284099,2353.672757,0.035447624,0.035447624,0.035447624,966.3427295,95.29950618,1061.642236,,,43.31999993,1436.530396,17478.55086,17590.70599
