ISOTime,UnixTime,Id,Longitude,Latitude,Altitude,Roll,Pitch,Yaw,U,V,Heading,Type,Color,Coalition,Name,Group,Country,Pilot,TAS,CAS,M,ASL,AGL,GS,VS,AOA,AOS,RRT,TRT,TRD,G,LatG,LonG,Ek,Ep,Em,FFW,FFV,RelativeTime,Elev,GroundDistance,AirDistance
2018-07-19T08:37:59Z,1531989479,2BF08,40.8775431,44.110283,1149.22,-36.6,1,186.3,530946.56,-83728.62,180.8,Weapon+Missile,Blue,Enemies,R-73,,cn,,257.6597905,245.6603851,0.76689191,1149.220703,186.3674927,NaN,NaN,NaN,NaN,NaN,NaN,NaN,NaN,NaN,NaN,NaN,1127.000521,NaN,,,0.220000029,962.8532104,NaN,NaN
2018-07-19T08:38:00Z,1531989480,2BF08,40.8766368,44.1073518,1162,-29.3,4.3,195.1,530905.44,-84061.27,189.5,Weapon+Missile,Blue,Enemies,R-73,,cn,,335.4245298,321.0702209,0.998496405,1162.002197,237.7297363,335.1809192,12.78149414,1.330119932,NaN,6.846137662,1.187292309,5000,2.515380859,2.515380859,2.515380859,5625.480759,1139.534885,6765.015644,,,1.220000029,924.2724609,334.2497335,334.5545385
2018-07-19T08:38:01Z,1531989481,2BF08,40.8751453,44.103486,1189.86,-23.7,4.4,195.4,530827.38,-84502.25,189.8,Weapon+Missile,Blue,Enemies,R-73,,cn,,448.6982716,427.9678955,1.336121735,1189.859985,310.4689941,447.8326502,27.85778809,0.262144747,NaN,5.369269763,1.349463099,5000,1.708994985,1.708994985,1.708994985,10066.50695,1166.854043,11233.36099,,,2.220000029,879.3909912,780.7952152,782.0503014
2018-07-19T08:38:02Z,1531989482,2BF08,40.8733189,44.0986798,1232.97,-19.2,4.4,195.4,530732.56,-85050.3,189.8,Weapon+Missile,Blue,Enemies,R-73,,cn,,557.8558909,526.8977661,1.661997616,1232.969238,409.7559204,556.1877267,43.10925293,0.042424849,NaN,4.21539468,0.00989117,5000,0.982044935,0.982044935,0.982044935,15560.15975,1209.129778,16769.28953,,,3.220000029,823.2133179,1335.383518,1338.416583
2018-07-19T08:38:03Z,1531989483,2BF08,40.8711842,44.0930649,1283.13,-15.6,4.4,195.4,530621.62,-85690.56,189.8,Weapon+Missile,Blue,Enemies,R-73,,cn,,651.7388546,610.9763184,1.942828494,1283.132324,505.8203125,649.805509,50.16308594,0.045364909,NaN,3.446158285,0.00989117,5000,0.9765957,0.9765957,0.9765957,21238.17673,1258.322961,22496.49969,,,4.220000029,777.3120117,1983.314929,1988.414334
2018-07-19T08:38:04Z,1531989484,2BF08,40.8687816,44.0867471,1339.35,-12.6,4.4,195.4,530496.81,-86410.97,189.8,Weapon+Missile,Blue,Enemies,R-73,,cn,,733.2966728,683.4440918,2.187378194,1339.352295,585.7521362,731.1383762,56.2199707,0.048355295,NaN,2.815371532,0.00989117,5000,0.976840079,0.976840079,0.976840079,26886.20052,1313.455918,28199.65643,,,5.220000029,753.6001587,2712.370904,2719.784191
2018-07-19T08:38:05Z,1531989485,2BF08,40.8663375,44.0803213,1396.34,-10.2,4.4,195.4,530369.69,-87143.7,189.8,Weapon+Missile,Blue,Enemies,R-73,,cn,,745.8526291,693.1165161,2.226305345,1396.336182,655.6299438,743.6726303,56.98388672,0.056032119,NaN,2.307663081,0.00989117,5000,0.986206889,0.986206889,0.986206889,27814.80722,1369.338022,29184.14524,,,6.220000029,740.7062378,3453.906572,3463.664683
2018-07-19T08:38:06Z,1531989486,2BF08,40.8642823,44.0749189,1444.1,-8.3,4.4,195.4,530262.75,-87759.72,189.9,Weapon+Missile,Blue,Enemies,R-73,,cn,,627.0581189,584.6505127,1.872754324,1444.099976,737.7171021,625.2363589,47.76379395,0.068019128,NaN,1.799992195,0.051396036,5000,0.991958261,0.991958261,0.991958261,19660.09422,1416.178303,21076.27253,,,7.220000029,706.3828735,4077.353378,4089.076879
2018-07-19T08:38:07Z,1531989487,2BF08,40.8625294,44.0703117,1484.73,-6.7,4.4,195.4,530171.5,-88285.06,189.9,Weapon+Missile,Blue,Enemies,R-73,,cn,,534.7555932,500.87677,1.597842015,1484.731567,801.8874512,533.2097319,40.6315918,0.068719547,NaN,1.49230498,0.071326265,5000,0.99639982,0.99639982,0.99639982,14298.17722,1456.024283,15754.2015,,,8.220000029,682.8441162,4609.035249,4622.43076
2018-07-19T08:38:08Z,1531989488,2BF08,40.8610167,44.0663361,1519.73,-5.4,4.3,195.4,530092.75,-88738.39,189.9,Weapon+Missile,Blue,Enemies,R-73,,cn,,461.4466412,434.2504578,1.379358504,1519.7323,841.5108643,460.1173235,35.00073242,0.060393908,NaN,1.15383154,0.051396036,5000,0.985453606,0.985453606,0.985453606,10646.65013,1490.348276,12136.99841,,,9.220000029,678.2214355,5067.84487,5082.681227
2018-07-19T08:38:09Z,1531989489,2BF08,40.8596995,44.0628747,1550.14,-4.4,4.3,195.4,530024.12,-89133.09,189.9,Weapon+Missile,Blue,Enemies,R-73,,cn,,401.777061,379.2522278,1.201420006,1550.143799,871.1437988,400.624447,30.41149902,0.064388111,NaN,0.969226895,0.00989117,5000,0.990605831,0.990605831,0.990605831,8071.240339,1520.171768,9591.412108,,,10.22000003,679,5467.311219,5483.399378
2018-07-19T08:38:10Z,1531989490,2BF08,40.8585415,44.0598316,1576.85,-3.6,4.3,195.4,529963.88,-89480.08,189.9,Weapon+Missile,Blue,Enemies,R-73,,cn,,353.1873653,333.0762634,1.056453153,1576.847656,896.8476563,352.1764032,26.70385742,0.050197922,NaN,0.769238956,0.00989117,5000,0.991951883,0.991951883,0.991951883,6237.06575,1546.359307,7783.425057,,,11.22000003,680,5818.498653,5835.686453
2018-07-19T08:38:11Z,1531989491,2BF08,40.8575099,44.0571207,1600.61,-2.9,4.3,195.4,529910.12,-89789.19,189.9,Weapon+Missile,Blue,Enemies,R-73,,cn,,314.6463356,295.6097717,0.941430547,1600.609985,913.8965454,313.747778,23.7623291,0.054459197,NaN,0.569251017,0.00989117,5000,0.993268788,0.993268788,0.993268788,4950.115825,1569.662191,6519.778016,,,12.22000003,686.7134399,6131.357512,6149.524122
2018-07-19T08:38:12Z,1531989492,2BF08,40.8565676,44.0546447,1622.29,-2.3,4.3,195.4,529861,-90071.52,189.9,Weapon+Missile,Blue,Enemies,R-73,,cn,,287.3967705,269.1769104,0.860116968,1622.290771,907.0669556,286.5778205,21.68078613,0.038219432,NaN,0.569251017,0.00989117,5000,0.994609058,0.994609058,0.994609058,4129.845186,1590.923779,5720.768965,,,13.22000003,715.2238159,6417.1087,6436.168611
2018-07-19T08:38:13Z,1531989493,2BF08,40.8556806,44.0523138,1642.68,-1.9,4.3,195.4,529814.75,-90337.3,189.9,Weapon+Missile,Blue,Enemies,R-73,,cn,,270.5372341,252.8288422,0.809853025,1642.682251,892.7601318,269.7676455,20.39147949,0.048963803,NaN,0.400030519,0.00989117,5000,0.995781064,0.995781064,0.995781064,3659.519751,1610.92099,5270.44074,,,14.22000003,749.9221191,6686.11361,6706.01394
2018-07-19T08:38:14Z,1531989494,2BF08,40.8548322,44.0500845,1662.18,-1.5,4.3,195.4,529770.56,-90591.5,189.9,Weapon+Missile,Blue,Enemies,R-73,,cn,,258.7504124,241.3870544,0.774745808,1662.176147,891.399231,258.0150459,19.49389648,0.040582175,NaN,0.400030519,0.00989117,5000,0.994756162,0.994756162,0.994756162,3347.588796,1630.037972,4977.626767,,,15.22000003,770.7769165,6943.392491,6964.096751
2018-07-19T08:38:15Z,1531989495,2BF08,40.8540241,44.047961,1680.73,-1.2,4.3,195.4,529728.44,-90833.63,189.9,Weapon+Missile,Blue,Enemies,R-73,,cn,,246.468836,229.5238342,0.738132729,1680.725342,907.7706299,245.7698405,18.54919434,0.039016352,NaN,0.353824716,0.00989117,5000,0.996164978,0.996164978,0.996164978,3037.344356,1648.228517,4685.572874,,,16.22000003,772.9547119,7188.455425,7209.924728
2018-07-19T08:38:16Z,1531989496,2BF08,40.8532508,44.0459289,1698.47,-1,4.3,195.4,529688.12,-91065.34,189.9,Weapon+Missile,Blue,Enemies,R-73,,cn,,235.8599113,219.2930603,0.706507519,1698.469116,931.4883423,235.1915309,17.74377441,0.029012491,NaN,0.199987939,0.00989117,5000,0.995437086,0.995437086,0.995437086,2781.494887,1665.629216,4447.124103,,,17.22000003,766.9807739,7422.980916,7445.182443
2018-07-19T08:38:17Z,1531989497,2BF08,40.8525064,44.0439731,1715.53,-0.8,4.3,195.4,529649.31,-91288.36,189.9,Weapon+Missile,Blue,Enemies,R-73,,cn,,227.0099753,210.762085,0.680133839,1715.532227,958.9607544,226.3677962,17.06311035,0.018814973,NaN,0.199987939,0.051396036,5000,0.990099847,0.990099847,0.990099847,2576.676444,1682.362411,4259.038855,,,18.22000003,756.5714722,7648.701015,7671.606796
2018-07-19T08:38:18Z,1531989498,2BF08,40.8517853,44.0420894,1731.9,-0.7,4.3,195.5,529611.56,-91503.16,190,Weapon+Missile,Blue,Enemies,R-73,,cn,,218.7096641,202.7800903,0.655391312,1731.896851,984.369812,218.0965756,16.36462402,0.019841413,NaN,0,0.051396036,5000,1.000530481,1.000530481,1.000530481,2391.69586,1698.410625,4090.106485,,,19.22000003,747.5270386,7866.186229,7889.765428
2018-07-19T08:38:19Z,1531989499,2BF08,40.8510924,44.0402813,1747.64,-0.5,4.3,195.5,529575.31,-91709.38,190,Weapon+Missile,Blue,Enemies,R-73,,cn,,209.9638314,194.4061737,0.629299403,1747.638428,1002.69342,209.3729048,15.74157715,0.044464036,NaN,0.199987939,0.01713201,5000,0.998748899,0.998748899,0.998748899,2204.240525,1713.847839,3918.088364,,,20.22000003,744.9450073,8074.965024,8099.193614
2018-07-19T08:38:20Z,1531989500,2BF08,40.8504249,44.0385391,1762.82,-0.4,4.3,195.5,529540.31,-91908.07,190,Weapon+Missile,Blue,Enemies,R-73,,cn,,202.3249271,187.098877,0.606512193,1762.822266,1015.844849,201.7543735,15.18383789,0.036412406,NaN,0.199987939,0.01713201,5000,0.999149561,0.999149561,0.999149561,2046.768807,1728.738097,3775.506904,,,21.22000003,746.977417,8276.120536,8300.976573
2018-07-19T08:38:21Z,1531989501,2BF08,40.8497816,44.0368595,1777.48,-0.3,4.3,195.5,529506.69,-92099.61,190,Weapon+Missile,Blue,Enemies,R-73,,cn,,195.0195176,180.1271362,0.584713157,1777.476929,1024.281494,194.4681287,14.65466309,0.033473085,NaN,0.184604272,0.01713201,5000,0.978167415,0.978167415,0.978167415,1901.630612,1743.109412,3644.740024,,,22.22000003,753.1954346,8470.05501,8495.517619
2018-07-19T08:38:22Z,1531989502,2BF08,40.8491605,44.0352377,1791.44,-0.4,3.7,195.5,529474.12,-92284.57,190,Weapon+Missile,Blue,Enemies,R-73,,cn,,188.323974,173.7480621,0.564730912,1791.443115,1023.003296,187.8053908,13.96618652,0.097967005,NaN,0.199987939,1.046280287,5000,0.336633503,0.336633503,0.336633503,1773.295959,1756.805563,3530.101521,,,23.22000003,768.4398193,8657.311031,8683.345986
2018-07-19T08:38:23Z,1531989503,2BF08,40.8485622,44.0336751,1798.47,-0.7,0.6,195.5,529442.88,-92462.77,190,Weapon+Missile,Blue,Enemies,R-73,,cn,,181.0586308,166.9060211,0.542988926,1798.465332,1011.536133,180.922404,7.022216797,0.098442564,NaN,0.353858441,2.634637043,3313.003782,0.011467748,0.011467748,0.011467748,1639.111389,1763.692005,3402.803394,,,24.22000003,786.9291992,8837.732325,8863.954621
2018-07-19T08:38:24Z,1531989504,2BF08,40.8479804,44.032155,1795.67,-1,-2.6,195.5,529412.38,-92636.12,190,Weapon+Missile,Blue,Enemies,R-73,,cn,,176.0363673,162.2418213,0.527910031,1795.674561,987.1361694,176.0142444,-2.790771484,0.083205683,NaN,0.353803799,3.176955344,3132.98417,0.00683008,0.00683008,0.00683008,1549.440131,1760.955193,3310.395324,,,25.22000003,808.5383911,9013.231488,9039.525413
2018-07-19T08:38:25Z,1531989505,2BF08,40.8474163,44.030682,1783.37,-1.2,-5.8,195.5,529382.88,-92804.1,190,Weapon+Missile,Blue,Enemies,R-73,,cn,,170.9908068,157.6292267,0.512705006,1783.366821,954.5662842,170.5472824,-12.30773926,0.079020274,NaN,0.20004258,3.242322816,2985.036846,0.01437583,0.01437583,0.01437583,1461.8928,1748.885424,3210.778224,,,26.22000003,828.8005371,9183.309469,9210.095734
2018-07-19T08:38:26Z,1531989506,2BF08,40.8468716,44.0292607,1761.96,-1.4,-9.1,195.5,529354.31,-92966.2,190,Weapon+Missile,Blue,Enemies,R-73,,cn,,165.97697,153.1110077,0.497546409,1761.96228,917.4818115,164.5910089,-21.40454102,0.013350917,NaN,0.199987939,3.326935839,2843.477617,0.007048465,0.007048465,0.007048465,1377.417729,1727.89474,3105.312468,,,27.22000003,844.4804688,9347.428651,9375.650059
2018-07-19T08:38:27Z,1531989507,2BF08,40.8463392,44.0278735,1731.45,-1.6,-12.4,195.5,529326.44,-93124.4,190,Weapon+Missile,Blue,Enemies,R-73,,cn,,163.5117888,151.0299225,0.489981309,1731.452271,873.8511353,160.6401083,-30.51000977,0.026486256,NaN,0.169279408,3.361549744,2775.980572,0.017839247,0.017839247,0.017839247,1336.805254,1697.974641,3034.779895,,,28.22000003,857.6011353,9507.614607,9538.758787
2018-07-19T08:38:28Z,1531989508,2BF08,40.8458245,44.0265352,1692.43,-1.7,-15.8,195.6,529299.38,-93277.04,190.1,Weapon+Missile,Blue,Enemies,R-73,,cn,,159.856502,147.8918915,0.478808958,1692.432251,822.7451172,155.0210931,-39.02001953,0.035835168,NaN,0.199987939,3.377294611,2719.570108,0.010197184,0.010197184,0.010197184,1277.705062,1659.709073,2937.414135,,,29.22000003,869.6871338,9662.188964,9698.22233
2018-07-19T08:38:29Z,1531989509,2BF08,40.845322,44.0252329,1644.88,-1.8,-19.2,195.6,529273,-93425.57,190.1,Weapon+Missile,Blue,Enemies,R-73,,cn,,158.1722802,146.6470642,0.473500777,1644.87915,765.6032104,150.8548072,-47.55310059,0.030091482,NaN,0,3.377338153,2708.002793,0.024102602,0.024102602,0.024102602,1250.923511,1613.075412,2863.998923,,,30.22000003,879.2759399,9812.630252,9856.0378
2018-07-19T08:38:30Z,1531989510,2BF08,40.844835,44.0239756,1589.41,-1.9,-22.6,195.7,529247.31,-93569,190.2,Weapon+Missile,Blue,Enemies,R-73,,cn,,155.9137514,144.9124908,0.46643722,1589.40686,697.5629883,145.7117803,-55.47229004,0.062814689,NaN,0,3.315731981,2702.923348,0.01859735,0.01859735,0.01859735,1215.454894,1558.675679,2774.130572,,,31.22000003,891.8438721,9957.920886,10011.59245
2018-07-19T08:38:31Z,1531989511,2BF08,40.8443594,44.0227539,1525.91,-2,-25.8,195.8,529222.19,-93708.39,190.3,Weapon+Missile,Blue,Enemies,R-73,,cn,,155.2177965,144.6915588,0.464011216,1525.912354,633.7249146,141.6369018,-63.49450684,0.048115817,NaN,0,3.25123109,2760.97947,0.02554694,0.02554694,0.02554694,1204.628218,1496.408838,2701.037056,,,32.22000003,892.187439,10099.15265,10166.4721
2018-07-19T08:38:32Z,1531989512,2BF08,40.8438948,44.0215674,1454.68,-2.1,-29,195.9,529197.56,-93843.78,190.4,Weapon+Missile,Blue,Enemies,R-73,,cn,,154.953262,144.9267883,0.46283612,1454.683838,578.6429443,137.6118162,-71.22851563,0.077562437,NaN,0.107698423,3.189720541,2828.906799,0.028223213,0.028223213,0.028223213,1200.52567,1426.557526,2627.083196,,,33.22000003,876.0408936,10236.36645,10321.10046
2018-07-19T08:38:33Z,1531989513,2BF08,40.8434414,44.0204176,1376.08,-2.1,-32.1,196,529173.44,-93975.01,190.5,Weapon+Missile,Blue,Enemies,R-73,,cn,,154.8579884,145.3713989,0.462128828,1376.079956,530.140564,133.4257334,-78.60388184,0.070606676,NaN,0,3.062771656,2915.995135,0.029813789,0.029813789,0.029813789,1199.049829,1349.47345,2548.523279,,,34.22000003,845.9393921,10369.40944,10475.65422
2018-07-19T08:38:34Z,1531989514,2BF08,40.8429969,44.0192993,1290,-2.2,-35.1,196.1,529149.69,-94102.65,190.6,Weapon+Missile,Blue,Enemies,R-73,,cn,,155.7740389,146.8267517,0.464398205,1290.002319,461.5370483,129.831397,-86.07763672,0.065426495,NaN,0,2.952657054,3061.167842,0.026958991,0.026958991,0.026958991,1213.27756,1265.060124,2478.337684,,,35.22000003,828.465271,10498.87841,10631.14885
2018-07-19T08:38:35Z,1531989515,2BF08,40.8425605,44.0182112,1196.59,-2.2,-37.9,196.3,529126.31,-94226.9,190.7,Weapon+Missile,Blue,Enemies,R-73,,cn,,157.1942252,148.8207703,0.468125231,1196.591553,368.0332642,126.4296371,-93.4107666,0.034947344,NaN,0,2.887139105,3233.629644,0.039781541,0.039781541,0.039781541,1235.501222,1173.455455,2408.956677,,,36.22000003,828.5582886,10624.9459,10788.07169
2018-07-19T08:38:36Z,1531989516,2BF08,40.842134,44.0171586,1096.62,-2.3,-40.7,196.4,529103.31,-94347.12,190.9,Weapon+Missile,Blue,Enemies,R-73,,cn,,158.0459418,150.3281403,0.470118039,1096.616089,266.1756592,122.4068067,-99.97546387,0.313275353,NaN,0,2.767918153,3268.607631,0.0369833,0.0369833,0.0369833,1248.925985,1075.413017,2324.339002,,,37.22000003,830.4404297,10746.99993,10945.86154
