ISOTime,UnixTime,Id,Longitude,Latitude,Altitude,Roll,Pitch,Yaw,U,V,Heading,Type,Color,Coalition,Name,Group,Country,Pilot,TAS,CAS,M,ASL,AGL,GS,VS,AOA,AOS,RRT,TRT,TRD,G,LatG,LonG,Ek,Ep,Em,FFW,FFV,RelativeTime,Elev,GroundDistance,AirDistance
2018-07-19T08:40:10Z,1531989610,33B06,40.8567067,44.1082709,1097.32,-33.9,2.3,223.7,529300.19,-84112.59,218.1,Weapon+Missile,Blue,Enemies,R-27ET,,cn,,410.3384614,393.7072144,1.220588692,1097.323853,375.3016357,NaN,NaN,0.266564218,NaN,7.292292448,4.712536388,NaN,NaN,NaN,NaN,NaN,1076.107096,NaN,,,0.569999933,722.0222168,NaN,NaN
2018-07-19T08:40:11Z,1531989611,33B06,40.8517899,44.1043947,1122.9,-27.7,3.1,218.8,528947.94,-84581.05,213.3,Weapon+Missile,Blue,Enemies,R-27ET,,cn,,586.6768888,555.5770264,1.745638764,1122.898438,426.7401123,586.1191965,25.57458496,0.463646086,NaN,5.676942465,4.776480206,4329.767385,9.72276783,9.72276783,9.72276783,17209.48859,1101.187196,18310.67579,,,1.569999933,696.1583252,583.657429,584.3189592
2018-07-19T08:40:12Z,1531989612,33B06,40.8460983,44.0984615,1155.45,-23.2,2,212.3,528555.56,-85283.91,206.8,Weapon+Missile,Blue,Enemies,R-27ET,,cn,,805.630391,755.3278198,2.398030197,1155.45459,488.177002,804.9723125,32.55615234,0.226221893,NaN,4.753821908,5.497827584,5000,3.63496542,3.63496542,3.63496542,32452.01635,1133.113875,33585.13022,,,2.569999933,667.2775879,1385.674648,1387.139807
2018-07-19T08:40:13Z,1531989613,33B06,40.8395933,44.0910048,1188.42,-19.1,1.9,212.2,528114.06,-86162.28,206.6,Weapon+Missile,Blue,Enemies,R-27ET,,cn,,983.6351399,918.078064,2.928993763,1188.423096,547.909729,983.0824818,32.96850586,0.047277349,NaN,4.046122102,1.086158773,5000,0.896348774,0.896348774,0.896348774,48376.90442,1165.444935,49542.34936,,,3.569999933,640.5133667,2365.216496,2367.416191
2018-07-19T08:40:14Z,1531989614,33B06,40.8331827,44.0836393,1219.9,-15.6,1.8,212.1,527679.12,-87029.73,206.6,Weapon+Missile,Blue,Enemies,R-27ET,,cn,,970.8947359,905.0116577,2.892110001,1219.903809,581.2438354,970.3842296,31.48071289,0.055775964,NaN,3.276895952,0.071326265,5000,0.925917149,0.925917149,0.925917149,47131.82941,1196.316968,48328.14638,,,4.569999933,638.6599731,3332.178046,3335.072516
2018-07-19T08:40:15Z,1531989615,33B06,40.8270084,44.0765437,1249.54,-12.8,1.8,212.1,527260.06,-87865.36,206.6,Weapon+Missile,Blue,Enemies,R-27ET,,cn,,935.286637,871.0482178,2.786996966,1249.544556,584.0429077,934.8168374,29.64074707,0.046036239,NaN,2.676916768,0.013988227,5000,0.943412662,0.943412662,0.943412662,43738.05467,1225.384612,44963.43928,,,5.569999933,665.5016479,4263.678753,4267.224929
2018-07-19T08:40:16Z,1531989616,33B06,40.8209975,44.0696343,1277.86,-10.4,1.8,212.1,526851.94,-88679.02,206.6,Weapon+Missile,Blue,Enemies,R-27ET,,cn,,910.7234487,847.3982544,2.714693723,1277.86377,580.1419678,910.2830451,28.31921387,0.055754858,NaN,2.307680156,0.024228322,5000,0.953713536,0.953713536,0.953713536,41470.86001,1253.156274,42724.01628,,,6.569999933,697.7218018,5170.713213,5174.880993
2018-07-19T08:40:17Z,1531989617,33B06,40.8151152,44.0628712,1305.13,-8.6,1.7,212.1,526452.5,-89475.39,206.6,Weapon+Missile,Blue,Enemies,R-27ET,,cn,,891.344046,828.6159058,2.657767619,1305.125366,564.6351318,890.927053,27.26159668,0.060600952,NaN,1.861535615,0.052339163,5000,0.986125052,0.986125052,0.986125052,39724.71042,1279.890767,41004.60119,,,7.569999933,740.4902344,6058.505703,6063.27163
2018-07-19T08:40:18Z,1531989618,33B06,40.8093551,44.0563136,1330.66,-7.2,1.3,214.9,526060.5,-90247.98,209.4,Weapon+Missile,Blue,Enemies,R-27ET,,cn,,866.7278677,805.1810913,2.585134266,1330.661499,537.2226563,866.3516045,25.53613281,0.619669134,NaN,1.169215688,4.969101359,5000,13.87233067,13.87233067,13.87233067,37560.85983,1304.933159,38865.79299,,,8.569999933,793.4388428,6921.761901,6927.083734
2018-07-19T08:40:19Z,1531989619,33B06,40.8026226,44.050872,1332.54,-7,-1.1,228.8,525578.69,-90903.96,223.4,Weapon+Missile,Blue,Enemies,R-27ET,,cn,,813.9115718,756.9592285,2.427655256,1332.535278,529.8325195,813.9094149,1.873779297,0.184276887,NaN,0,11.95957244,3371.699856,18.99569893,18.99569893,18.99569893,33122.60234,1306.770709,34429.37305,,,9.569999933,802.7027588,7732.355672,7737.848902
2018-07-19T08:40:20Z,1531989620,33B06,40.7950282,44.0470803,1299.34,-8.1,-4.3,242.1,525010.25,-91383.16,236.6,Weapon+Missile,Blue,Enemies,R-27ET,,cn,,744.2170807,694.5690308,2.218922324,1299.335327,540.1568604,743.4761774,-33.19995117,0.346314897,NaN,1.430788027,13.42916619,3325.440549,15.58758068,15.58758068,15.58758068,27692.95316,1274.212679,28967.16584,,,10.56999993,759.1784668,8472.198942,8478.589201
2018-07-19T08:40:21Z,1531989621,33B06,40.7877286,44.0449117,1229.42,-10.6,-8.7,253.6,524448.25,-91679.75,248.1,Weapon+Missile,Blue,Enemies,R-27ET,,cn,,639.2928767,601.0292969,1.904541258,1229.419922,473.1035156,635.4582743,-69.91540527,0.618311255,NaN,2.907693492,11.49625339,3644.762723,10.61096954,10.61096954,10.61096954,20434.76911,1205.649088,21640.4182,,,11.56999993,756.3164063,9104.198937,9114.56918
2018-07-19T08:40:22Z,1531989622,33B06,40.7810039,44.0438015,1133.3,-11.1,-10.4,260,523921.06,-91854.32,254.5,Weapon+Missile,Blue,Enemies,R-27ET,,cn,,563.5961541,534.250061,1.677164302,1133.299316,380.5159302,555.3390443,-96.12060547,0.175021974,NaN,0.307674409,7.168160591,5000,4.406006336,4.406006336,4.406006336,15882.03125,1111.386974,16993.41822,,,12.56999993,752.7833862,9656.301853,9675.077634
2018-07-19T08:40:23Z,1531989623,33B06,40.7747599,44.0431434,1040.19,-9.7,-10.1,263.1,523427.62,-91974.94,257.7,Weapon+Missile,Blue,Enemies,R-27ET,,cn,,516.4285314,492.9061584,1.535150778,1040.189941,266.0861816,507.9656212,-93.109375,0.153462577,NaN,1.815377196,3.041253572,5000,2.542097092,2.542097092,2.542097092,13334.9214,1020.077869,14354.99927,,,13.56999993,774.1037598,10161.27144,10188.64413
2018-07-19T08:40:24Z,1531989624,33B06,40.7689436,44.0426667,963.22,-6.6,-8,263.5,522966.56,-92072.14,258.1,Weapon+Missile,Blue,Enemies,R-27ET,,cn,,477.4428633,458.3240356,1.418002819,963.2184448,204.2419434,471.1974919,-76.97149658,0.532964651,NaN,3.723066961,2.505726614,5000,4.470189095,4.470189095,4.470189095,11397.58439,944.5946162,12342.179,,,14.56999993,758.9765015,10629.69874,10663.42584
2018-07-19T08:40:25Z,1531989625,33B06,40.7636418,44.0420434,920.83,-1.6,-3.1,257.7,522548.22,-92181.66,252.2,Weapon+Missile,Blue,Enemies,R-27ET,,cn,,434.5149793,419.0245667,1.289878097,920.8345947,192.3869629,432.4429171,-42.3838501,0.153895221,NaN,4.676960081,6.135392019,3303.261746,6.211745262,6.211745262,6.211745262,9440.163364,903.0302578,10343.19362,,,15.56999993,728.4476318,11059.58116,11095.45579
2018-07-19T08:40:26Z,1531989626,33B06,40.7589571,44.0411228,914.02,1.7,1,251.8,522182.5,-92319.52,246.3,Weapon+Missile,Blue,Enemies,R-27ET,,cn,,390.8959507,377.8979797,1.160302093,914.0238037,190.4022827,390.8366121,-6.810791016,0.192392716,NaN,2.692307745,7.21692558,3285.595795,5.035745621,5.035745621,5.035745621,7639.982213,896.3511535,8536.333366,,,16.56999993,723.621521,11448.20917,11484.19936
2018-07-19T08:40:27Z,1531989627,33B06,40.7548725,44.0399669,925.69,2.3,2.3,245.1,521867.28,-92478.94,239.6,Weapon+Missile,Blue,Enemies,R-27ET,,cn,,353.4320112,341.5930786,1.049238032,925.6853638,199.5180054,353.2395711,11.66156006,0.186518224,NaN,0.061526344,6.632349752,3006.955682,4.175495625,4.175495625,4.175495625,6245.709328,907.7872373,7153.496565,,,17.56999993,726.1673584,11799.48361,11835.71795
2018-07-19T08:40:28Z,1531989628,33B06,40.7513461,44.0386053,936.08,1.1,1.2,238.5,521599,-92656.95,233,Weapon+Missile,Blue,Enemies,R-27ET,,cn,,322.137299,310.8319397,0.956447373,936.0799561,202.2516479,321.9695511,10.39459229,0.144411497,NaN,1.169219103,6.577743244,2849.291022,3.495821476,3.495821476,3.495821476,5188.62197,917.9808501,6106.60282,,,18.56999993,733.8283081,12119.80756,12156.25724
2018-07-19T08:40:29Z,1531989629,33B06,40.7483383,44.0371137,938.77,-0.1,-0.4,232.6,521373.59,-92845.48,227.2,Weapon+Missile,Blue,Enemies,R-27ET,,cn,,293.8643896,283.1431274,0.872530159,938.7661133,212.6939697,293.8521125,2.686157227,0.328299251,NaN,1.169219103,5.473315315,3869.898468,2.062026024,2.062026024,2.062026024,4317.813973,920.6150705,5238.429044,,,19.56999993,726.0721436,12412.21993,12448.72493
2018-07-19T08:40:30Z,1531989630,33B06,40.745664,44.0355785,933.11,-0.8,-1.8,231.2,521175.38,-93036.31,225.8,Weapon+Missile,Blue,Enemies,R-27ET,,cn,,275.2108327,265.0028381,0.817091628,933.1115112,209.6295776,275.1527356,-5.654602051,0.171844532,NaN,0.523083207,2.688802151,5000,0.634960771,0.634960771,0.634960771,3787.050121,915.0698002,4702.119921,,,20.56999993,723.4819336,12686.09687,12722.70041
2018-07-19T08:40:31Z,1531989631,33B06,40.7431496,44.0341081,923.84,-0.9,-2.2,231.5,520989.31,-93218.73,226,Weapon+Missile,Blue,Enemies,R-27ET,,cn,,260.7298913,250.9923706,0.774015676,923.8415527,194.9902344,260.5650477,-9.269958496,0.041163933,NaN,0.01538372,0.683294953,5000,1.066414475,1.066414475,1.066414475,3399.003812,905.9790763,4304.982888,,,21.56999993,728.8513184,12945.49768,12982.30454
2018-07-19T08:40:32Z,1531989632,33B06,40.740731,44.0327532,914.34,-0.9,-2.4,232.8,520809.69,-93387.58,227.4,Weapon+Missile,Blue,Enemies,R-27ET,,cn,,246.7109644,237.4474945,0.732318366,914.3384399,187.4337769,246.5278702,-9.503112793,0.280443275,NaN,0.123052688,1.180660097,5000,0.522733688,0.522733688,0.522733688,3043.314997,896.6597062,3939.974703,,,22.56999993,726.9046631,13190.88519,13227.91133
2018-07-19T08:40:33Z,1531989633,33B06,40.7384133,44.0314802,900.07,-1.9,-4.5,233.1,520637.28,-93546.55,227.7,Weapon+Missile,Blue,Enemies,R-27ET,,cn,,234.9492719,226.1541748,0.697291424,900.0661621,178.7667236,234.5153779,-14.27227783,0.230680347,NaN,0.769188584,1.734381932,5000,0.16881524,0.16881524,0.16881524,2760.058019,882.6633829,3642.721402,,,23.56999993,721.2994385,13424.30995,13461.80515
2018-07-19T08:40:34Z,1531989634,33B06,40.7362073,44.0302553,878.05,-2.8,-6.7,231.5,520473.31,-93699.33,226.1,Weapon+Missile,Blue,Enemies,R-27ET,,cn,,225.1892229,216.8807373,0.668156121,878.0499878,156.0439453,224.1104062,-22.01617432,0.232974586,NaN,0.769243225,1.758067961,5000,0.727233768,0.727233768,0.727233768,2535.509306,861.0728913,3396.582197,,,24.56999993,722.0060425,13647.39331,13686.00321
2018-07-19T08:40:35Z,1531989635,33B06,40.7341352,44.0290497,852.48,-2.4,-6.8,231,520319.84,-93848.95,225.6,Weapon+Missile,Blue,Enemies,R-27ET,,cn,,215.856625,208.0502014,0.640277439,852.4807739,130.0390015,214.3368794,-25.56921387,0.046150529,NaN,0.400030519,0.951654526,5000,0.961113632,0.961113632,0.961113632,2329.704127,835.9980582,3165.702186,,,25.56999993,722.4417725,13860.731,13900.89645
