ISOTime,UnixTime,Id,Longitude,Latitude,Altitude,Roll,Pitch,Yaw,U,V,Heading,Type,Color,Coalition,Name,Group,Country,Pilot,TAS,CAS,M,ASL,AGL,GS,VS,AOA,AOS,RRT,TRT,TRD,G,LatG,LonG,Ek,Ep,Em,FFW,FFV,RelativeTime,Elev,GroundDistance,AirDistance
2018-07-19T08:40:21Z,1531989621,34804,40.8475439,44.0525144,1266.35,7.3,-0.2,246.8,529160.69,-90377.55,241.3,Weapon+Missile,Blue,Enemies,R-77,,cn,,303.2817003,288.5430298,0.903904525,1266.350708,515.7373047,NaN,NaN,3.594775814,NaN,1.738474389,8.519320051,NaN,NaN,NaN,NaN,NaN,1241.865817,NaN,,,0.839999914,750.6134033,NaN,NaN
2018-07-19T08:40:22Z,1531989622,34804,40.8433226,44.0514082,1235.22,4,-3.2,255.3,528834.25,-90532.84,249.7,Weapon+Missile,Blue,Enemies,R-77,,cn,,362.8327962,346.734314,1.081001345,1235.220703,470.53125,361.4948973,-31.13000488,2.042673706,NaN,3.676936717,7.81776793,1758.197024,8.864025116,8.864025116,8.864025116,6582.3819,1211.337711,7793.719611,,,1.839999914,764.6894531,359.4784708,360.8940792
2018-07-19T08:40:23Z,1531989623,34804,40.837579,44.0508173,1189.61,-0.5,-7,268.8,528380.25,-90642.56,263.3,Weapon+Missile,Blue,Enemies,R-77,,cn,,469.2916147,446.9170837,1.397439986,1189.609131,478.0646973,467.0698065,-45.61157227,1.410255175,NaN,4.646167881,9.973946806,4005.834141,5.465585709,5.465585709,5.465585709,11011.73098,1166.608038,12178.33902,,,2.839999914,711.5444336,823.6968787,827.4356974
2018-07-19T08:40:24Z,1531989624,34804,40.8304466,44.0506854,1121.91,1,-5.6,266.3,527810.19,-90711.89,260.8,Weapon+Missile,Blue,Enemies,R-77,,cn,,578.2390486,547.883667,1.720512648,1121.913086,395.3101807,574.262695,-67.69604492,0.076142533,NaN,2.70769979,1.202831851,5000,6.763631821,6.763631821,6.763631821,16718.01987,1100.220896,17818.24076,,,3.839999914,726.6029053,1394.534259,1402.375846
2018-07-19T08:40:25Z,1531989625,34804,40.8219302,44.0500142,1073.42,3.5,-2.5,261.5,527134.94,-90851.67,256,Weapon+Missile,Blue,Enemies,R-77,,cn,,691.2689733,652.7015381,2.055674537,1073.421509,277.9464111,689.5660667,-48.49157715,0.037954205,NaN,2.261538387,5.670511415,5000,7.671100616,7.671100616,7.671100616,23892.63967,1052.666904,24945.30657,,,4.839999914,795.4750977,2080.000284,2089.672612
2018-07-19T08:40:26Z,1531989626,34804,40.8121689,44.0486755,1057.43,5,0,257,526366.94,-91075.07,251.5,Weapon+Missile,Blue,Enemies,R-77,,cn,,799.9915885,753.4018555,2.37855167,1057.431519,219.6496582,799.831771,-15.98999023,0.124975237,NaN,1.153846055,5.029907118,5000,7.590612411,7.590612411,7.590612411,31999.32708,1036.98608,33036.31316,,,5.839999914,837.7818604,2875.098142,2885.064028
2018-07-19T08:40:27Z,1531989627,34804,40.8013497,44.0465383,1062.91,4.5,0.4,252.4,525522.56,-91395.15,246.9,Weapon+Missile,Blue,Enemies,R-77,,cn,,903.0222091,848.56604,2.685054011,1062.905396,258.5621948,903.0056183,5.473876953,0.093496198,NaN,0.769243225,4.577112961,5000,7.296141148,7.296141148,7.296141148,40772.4555,1042.35412,41814.80962,,,6.839999914,804.3432007,3772.859293,3782.991088
2018-07-19T08:40:28Z,1531989628,34804,40.790664,44.0437595,1063.61,3.3,-0.4,247.7,524695.62,-91785.38,242.2,Weapon+Missile,Blue,Enemies,R-77,,cn,,914.3899566,859.0785522,2.718877071,1063.609985,296.682373,914.3896852,0.704589844,0.093029717,NaN,1.138455931,4.812480426,5000,7.5508461,7.5508461,7.5508461,41805.44964,1043.045086,42848.49473,,,7.839999914,766.9276123,4682.11507,4692.398715
2018-07-19T08:40:29Z,1531989629,34804,40.7813158,44.0406602,1051.52,2.2,-1.3,243.7,523979.22,-92200.93,238.2,Weapon+Missile,Blue,Enemies,R-77,,cn,,828.2893743,779.7680054,2.462519317,1051.52002,278.5474854,828.2011352,-12.08996582,0.167975053,NaN,0.969231164,3.558696538,5000,2.804470062,2.804470062,2.804470062,34303.16438,1031.18888,35334.35326,,,8.839999914,772.9725342,5505.887687,5516.39662
2018-07-19T08:40:30Z,1531989630,34804,40.7730044,44.0376572,1028.42,1.3,-2.1,243.7,523344.78,-92597.82,238.3,Weapon+Missile,Blue,Enemies,R-77,,cn,,748.709897,706.9537964,2.225335375,1028.424561,179.8832397,748.3535993,-23.09545898,0.196437188,NaN,0.830769569,1.082322982,5000,0.517468452,0.517468452,0.517468452,28028.32549,1008.539972,29036.86546,,,9.839999914,848.5413208,6250.283191,6261.271633
2018-07-19T08:40:31Z,1531989631,34804,40.7653098,44.0349142,1000.6,0.9,-2.4,244.1,522756.97,-92961.05,238.7,Weapon+Missile,Blue,Enemies,R-77,,cn,,691.5425573,654.9828491,2.054762189,1000.603027,148.0872803,690.9826849,-27.8215332,0.07868405,NaN,0.292332096,0.720378718,5000,1.366628408,1.366628408,1.366628408,23911.55543,981.2563678,24892.8118,,,10.83999991,852.5157471,6937.612394,6949.27292
2018-07-19T08:40:32Z,1531989632,34804,40.7582288,44.0324843,974.47,0.7,-2.4,245,522215.03,-93284.79,239.6,Weapon+Missile,Blue,Enemies,R-77,,cn,,631.8134503,600.5560913,1.876725716,974.4691772,145.7145386,631.2727286,-26.1338501,0.189061288,NaN,0.415384785,0.833356823,5000,0.645320296,0.645320296,0.645320296,19959.4118,955.6278157,20915.03962,,,11.83999991,828.7546387,7565.555559,7577.856813
2018-07-19T08:40:33Z,1531989633,34804,40.7517243,44.0303061,942.98,-0.3,-3.8,245.4,521716.56,-93576.14,240,Weapon+Missile,Blue,Enemies,R-77,,cn,,578.2284195,551.8503418,1.716935563,942.9846191,64.54248047,577.3706155,-31.48455811,0.163014263,NaN,0.784652132,1.089711752,5000,0.310384214,0.310384214,0.310384214,16717.40525,924.7520115,17642.15727,,,12.83999991,878.4421387,8139.84,8153.089855
2018-07-19T08:40:34Z,1531989634,34804,40.745745,44.0282859,902.05,-1.2,-5.4,243.3,521258.5,-93845.91,237.8,Weapon+Missile,Blue,Enemies,R-77,,cn,,533.1702545,511.0675049,1.582399101,902.0484009,88.18096924,531.596413,-40.93621826,0.243132011,NaN,1.153810196,2.182197842,5000,2.721995115,2.721995115,2.721995115,14213.52602,884.607295,15098.13331,,,13.83999991,813.8674316,8668.615363,8683.523683
2018-07-19T08:40:35Z,1531989635,34804,40.7404576,44.0262537,850.98,-1.5,-6.3,241.6,520855.97,-94111.73,236.2,Weapon+Missile,Blue,Enemies,R-77,,cn,,485.0815023,467.3971863,1.438831852,850.979187,42.78948975,482.385737,-51.06921387,0.055590276,NaN,0.20004258,1.995896748,5000,0.875678241,0.875678241,0.875678241,11765.20319,834.5255044,12599.7287,,,14.83999991,808.1896973,9148.484148,9166.167869
2018-07-19T08:40:36Z,1531989636,34804,40.7355885,44.0243482,801.97,-1.3,-6.3,241.6,520485.66,-94360.3,236.1,Weapon+Missile,Blue,Enemies,R-77,,cn,,448.6831481,434.1991272,1.330120112,801.9699707,45.94744873,445.9985023,-49.00921631,0.020504808,NaN,0.199987939,0.159490533,5000,0.983685732,0.983685732,0.983685732,10065.82837,786.4638813,10852.29225,,,15.83999991,756.022522,9592.202895,9612.642122
2018-07-19T08:40:37Z,1531989637,34804,40.7311386,44.0226058,757.09,-1.1,-6.3,241.6,520147.19,-94587.54,236.1,Weapon+Missile,Blue,Enemies,R-77,,cn,,410.1393926,398.4622498,1.215231942,757.0899658,30.0690918,407.6764728,-44.88000488,0,NaN,0.20004258,0.019782341,5000,0.98778373,0.98778373,0.98778373,8410.716067,742.4516313,9153.167699,,,16.83999991,727.020874,9997.78404,10020.7481
