ISOTime,UnixTime,Id,Longitude,Latitude,Altitude,Roll,Pitch,Yaw,U,V,Heading,Type,Color,Coalition,Name,Group,Country,Pilot,TAS,CAS,M,ASL,AGL,GS,VS,AOA,AOS,RRT,TRT,TRD,G,LatG,LonG,Ek,Ep,Em,FFW,FFV,RelativeTime,Elev,GroundDistance,AirDistance
2011-06-01T05:09:07Z,1306904947,2BB0B,55.5423195,25.6054441,416.54,64.9,4.5,132,-70619.09,-62137.72,132.7,Weapon+Missile,Blue,Enemies,R-27ET,,cn,,399.341461864,392.990417480469,1.17864852110749,416.541534423828,416.541534423828,NaN,NaN,3.28492269369444,NaN,14.5384674597223,4.66168136174199,NaN,NaN,NaN,NaN,NaN,408.487703855743,NaN,,,0.839999914169312,0,NaN,NaN
2011-06-01T05:09:08Z,1306904948,2BB0B,55.5470558,25.6021436,446.43,54.8,3.7,126.2,-70147.44,-62508.52,126.9,Weapon+Missile,Blue,Enemies,R-27ET,,cn,,600.702459516295,584.298950195312,1.77356431781701,446.433074951172,446.433074951172,599.958282444561,29.8915405273438,1.86870944966052,NaN,8.80001572664443,5.25001850222795,5000,8.93172168731689,8.93172168731689,8.93172168731689,18042.1722434463,437.801291446991,18479.9735348933,,,1.83999991416931,0,600.883044190019,601.666677517708
2011-06-01T05:09:09Z,1306904949,2BB0B,55.5540404,25.5983241,474.5,48.4,0.2,116,-69450.55,-62939.23,116.7,Weapon+Missile,Blue,Enemies,R-27ET,,cn,,819.722839857006,791.779113769531,2.42099163200929,474.503845214844,474.503845214844,819.242068036084,28.0707702636719,0.264702423009872,NaN,5.41535646457963,9.48152261051819,5000,13.8186683654785,13.8186683654785,13.8186683654785,33597.2767091617,465.329313367615,34062.6060225294,,,2.83999991416931,0,1420.92053780946,1422.24364469437
2011-06-01T05:09:10Z,1306904950,2BB0B,55.5624541,25.5951854,458.21,42.6,-1.7,110.2,-68609.3,-63296.07,110.9,Weapon+Missile,Blue,Enemies,R-27ET,,cn,,913.955658901117,882.447448730469,2.6988008329294,458.207672119141,458.207672119141,913.810363904793,-16.2961730957031,0.243842258769369,NaN,6.46152287937214,5.99412961937359,5000,3.58205723762512,3.58205723762512,3.58205723762512,41765.7473218687,449.348226778717,42215.0955486475,,,3.83999991416931,0,2335.01715117509,2336.55233373767
2011-06-01T05:09:11Z,1306904951,2BB0B,55.5707152,25.5924353,432.26,36.6,-1.8,110.1,-67782.84,-63609.64,110.7,Weapon+Missile,Blue,Enemies,R-27ET,,cn,,884.319954411167,855.0732421875,2.61051964523243,432.263061523438,430.356312990189,883.939284651839,-25.9446105957031,0.0614500840173833,NaN,5.83079589065649,0.980272271496521,5000,0.71286815404892,0.71286815404892,0.71286815404892,39101.0890884884,423.905255228882,39524.9943437173,,,4.83999991416931,1.9067485332489,3219.10570232109,3221.08317896317
2011-06-01T05:09:12Z,1306904952,2BB0B,55.5787162,25.5897778,404.36,31.4,-2,110.1,-66982.38,-63912.61,110.7,Weapon+Missile,Blue,Enemies,R-27ET,,cn,,856.333038279321,829.298767089844,2.52710035890823,404.361511230469,402.361511230469,855.878365154735,-27.9015502929688,0.0577796756526886,NaN,5.01538058678368,0.153233533121091,5000,0.752500593662262,0.752500593662262,0.752500593662262,36665.3136224346,396.543181410828,37061.8568038455,,,5.83999991416931,2,4075.13995174878,4077.62813226157
2011-06-01T05:09:13Z,1306904953,2BB0B,55.586508,25.5871891,374.81,26.9,-2.1,110.1,-66202.8,-64207.68,110.7,Weapon+Missile,Blue,Enemies,R-27ET,,cn,,834.078064418,809.0263671875,2.460598223223,374.813842773438,374.813842773438,833.554529009369,-29.5476684570312,0.0376079108392532,NaN,4.44612530059814,0.150657991515041,5000,0.785044372081757,0.785044372081757,0.785044372081757,34784.3108771639,367.566817123413,35151.8776942873,,,6.83999991416931,0,4908.83331323473,4911.89583351157
2011-06-01T05:09:14Z,1306904954,2BB0B,55.5941805,25.5846395,343.63,23.1,-2.2,110.1,-65435.14,-64498.29,110.7,Weapon+Missile,Blue,Enemies,R-27ET,,cn,,821.419389062027,797.976135253906,2.42239636702482,343.630004882812,343.630004882812,820.827254044019,-31.183837890625,0.0409948375959374,NaN,3.78463513986075,0.150657991515041,5000,0.811770439147949,0.811770439147949,0.811770439147949,33736.4906363517,336.985918738403,34073.4765550901,,,7.83999991416931,0,5729.80184951817,5733.50260728794
2011-06-01T05:09:15Z,1306904955,2BB0B,55.6016622,25.5821524,311.4,19.8,-2.4,110.1,-64686.54,-64781.69,110.7,Weapon+Missile,Blue,Enemies,R-27ET,,cn,,801.100602624092,779.560974121094,2.36161186222014,311.399993896484,311.399993896484,800.451998508658,-32.2300109863281,0.0530203891998122,NaN,3.44613096459491,0.100870594880489,5000,0.827896058559418,0.827896058559418,0.827896058559418,32088.1087762341,305.379075014496,32393.4878512486,,,8.83999991416931,0,6530.3977376431,6534.78806008244
2011-06-01T05:09:16Z,1306904956,2BB0B,55.6090325,25.5797017,277.99,17,-2.5,110.1,-63949.06,-65060.9,110.7,Weapon+Missile,Blue,Enemies,R-27ET,,cn,,789.269796194287,769.304626464844,2.32585400618423,277.987670898438,277.386186122894,788.562253634071,-33.4123229980469,0.0475005021463253,NaN,2.7077055530465,0.123540779808341,5000,0.848282754421234,0.848282754421234,0.848282754421234,31147.3405592286,272.612779281616,31419.9533385102,,,9.83999991416931,0.601484775543213,7319.10928661207,7324.24342657382
2011-06-01T05:09:17Z,1306904957,2BB0B,55.6160516,25.5773672,244.73,14.7,-2.6,110.1,-63246.69,-65326.84,110.7,Weapon+Missile,Blue,Enemies,R-27ET,,cn,,751.7720993692,734.26904296875,2.21451985552388,244.733840942383,242.733840942383,751.036265557947,-33.2538299560547,0.0429452538383941,NaN,2.30767503373719,0.150657991515041,5000,0.866994857788086,0.866994857788086,0.866994857788086,28258.0644694987,240.001912127762,28498.0663816264,,,10.8399999141693,2,8070.28503186957,8076.18562040641
2011-06-01T05:09:18Z,1306904958,2BB0B,55.6223971,25.5752561,213.46,12.6,-2.7,110.1,-62611.7,-65567.3,110.7,Weapon+Missile,Blue,Enemies,R-27ET,,cn,,679.706669087693,665.798583984375,2.00152559378242,213.456146240234,213.380848705769,678.986643326955,-31.2776947021484,0.0509425663339048,NaN,2.09227818807167,0.0785087556410653,5000,0.890683114528656,0.890683114528656,0.890683114528656,23100.0578001144,209.328971652679,23309.386771767,,,11.8399999141693,0.0752975344657898,8749.40596540017,8756.05080484351
2011-06-01T05:09:19Z,1306904959,2BB0B,55.6281048,25.5733568,184.33,10.8,-2.8,110.1,-62040.52,-65783.6,110.7,Weapon+Missile,Blue,Enemies,R-27ET,,cn,,611.462647461357,600.889221191406,1.79997503084866,184.333068847656,184.333068847656,610.768708762685,-29.1230773925781,0.0564403585454305,NaN,1.73847438906501,0.0523391626455858,5000,0.907137453556061,0.907137453556061,0.907137453556061,18694.3284620226,180.768988961487,18875.0974509841,,,12.8399999141693,0,9360.28952315048,9367.64719904182
2011-06-01T05:09:20Z,1306904960,2BB0B,55.6333025,25.5716268,156.98,9.3,-2.9,110.1,-61520.37,-65980.59,110.7,Weapon+Missile,Blue,Enemies,R-27ET,,cn,,556.877595824298,548.99658203125,1.63878507173028,156.978469848633,156.978469848633,556.2053421576,-27.3545989990234,0.0669518151004136,NaN,1.53848645016703,0.100870594880489,5000,0.91635662317276,0.91635662317276,0.91635662317276,15505.6328365525,153.94329113411,15659.5761276866,,,13.8399999141693,0,9916.60546506055,9924.65012816168
2011-06-01T05:09:21Z,1306904961,2BB0B,55.63806,25.570043,131.2,8.1,-3,110.1,-61044.25,-66160.92,110.7,Weapon+Missile,Blue,Enemies,R-27ET,,cn,,509.778440349127,504.15283203125,1.49974435692477,131.199996948242,131.199996948242,509.126240317381,-25.7784729003906,0.076842819645644,NaN,1.1999822749012,0.100870594880489,5000,0.921917796134949,0.921917796134949,0.921917796134949,12993.7029122394,128.663245007248,13122.3661572467,,,14.8399999141693,0,10425.830675158,10434.5389009484
2011-06-01T05:09:22Z,1306904962,2BB0B,55.6424317,25.5685873,106.83,6.9,-3,110.2,-60606.72,-66326.66,110.7,Weapon+Missile,Blue,Enemies,R-27ET,,cn,,468.495998407184,464.718414306641,1.37791414694683,106.830772399902,106.830772399902,467.861775974974,-24.3692245483398,0.0577918372010519,NaN,1.16921910287946,0.100870594880489,5000,0.923804640769958,0.923804640769958,0.923804640769958,10974.4250261772,104.76519941555,11079.1902255928,,,15.8399999141693,0,10893.7857751925,10903.1368172807
2011-06-01T05:09:23Z,1306904963,2BB0B,55.6464486,25.5672494,83.72,6,-3.2,110.2,-60204.7,-66478.95,110.7,Weapon+Missile,Blue,Enemies,R-27ET,,cn,,430.521879467455,428.225494384766,1.26589654548958,83.7161483764648,79.9849779605865,429.900922139561,-23.1146240234375,0.0586245489193461,NaN,0.769243225083516,0.112776761862158,5000,0.888626158237457,0.888626158237457,0.888626158237457,9267.45443500951,82.0974966476059,9349.55193165712,,,16.8399999141693,3.7311704158783,11323.7691664649,11333.7474605743
2011-06-01T05:09:24Z,1306904964,2BB0B,55.6501289,25.5660234,61.51,5.3,-3.4,110.2,-59836.36,-66618.5,110.8,Weapon+Missile,Blue,Enemies,R-27ET,,cn,,394.512513728634,393.301452636719,1.15972488840529,61.5069198608398,61.5069198608398,393.886879265134,-22.209228515625,0.479722877037726,NaN,0.553846379417994,1.63543927788807,5000,0.973089873790741,0.973089873790741,0.973089873790741,7782.00617442429,60.3176835653305,7842.32385798962,,,17.8399999141693,0,11717.7371477001,11728.3454256796
2011-06-01T05:09:25Z,1306904965,2BB0B,55.65349,25.5649,21.99,9.4,-9.8,110.3,-59499.98,-66746.35,110.9,Weapon+Missile,Blue,Enemies,R-27ET,,cn,,362.02728517629,361.677825927734,1.06375606486891,21.9884605407715,16.9884605407715,359.863927874249,-39.5184593200684,0.119722463065018,NaN,4.24615443717309,4.95794851426081,3101.55537385599,3.1338152885437,3.1338152885437,3.1338152885437,6553.18776060575,21.5633136562157,6574.75107426196,,,18.8399999141693,5,12077.678652551,12090.4521662575
2011-06-01T05:09:26Z,1306904966,2BB0B,55.6564749,25.5638968,-51.58,12.6,-16.1,110.3,-59201.23,-66860.51,110.9,Weapon+Missile,Blue,Enemies,R-27ET,,cn,,328.169109226116,328.804840087891,0.963471323314112,-51.5761528015137,-56.5761528015137,319.817466555632,-73.5646133422852,0.167561966316484,NaN,2.95384508016624,6.27712057838649,3214.49070418216,2.31895875930786,2.31895875930786,2.31895875930786,5384.74821251312,-50.5789278870964,5334.16928462602,,,19.8399999141693,5,12397.5605190908,12418.6833137728
2011-06-01T05:09:27Z,1306904967,2BB0B,55.6591226,25.5630057,-148.18,14.9,-21.6,110.3,-58936.23,-66961.9,110.9,Weapon+Missile,Blue,Enemies,R-27ET,,cn,,299.722647330974,301.446807861328,0.879000776078949,-148.18229675293,-154.130233764648,283.726837422768,-96.606143951416,0.130028924371862,NaN,2.04615221305928,5.48846424813451,3325.23048820815,1.7322883605957,1.7322883605957,1.7322883605957,4491.68326615437,-145.317192045212,4346.36607410916,,,20.8399999141693,5.94793701171875,12681.3462338203,12718.4574899026
2011-06-01T05:09:28Z,1306904968,2BB0B,55.6614944,25.5622093,-261.14,16.4,-26.4,110.3,-58698.84,-67052.5,110.8,Weapon+Missile,Blue,Enemies,R-27ET,,cn,,278.072374990071,280.967742919922,0.814474806181284,-261.139984130859,-267.139984130859,254.096057810523,-112.95768737793,0.038730241505915,NaN,1.53846254450494,4.94251527494434,3402.41236125906,1.35937809944153,1.35937809944153,1.35937809944153,3866.21228663094,-256.090842537689,3610.12144409325,,,21.8399999141693,6,12935.4952285636,12996.5707860621
2011-06-01T05:09:29Z,1306904969,2BB0B,55.6636468,25.5614911,-387.02,17.4,-30.9,110.1,-58483.41,-67134.23,110.7,Weapon+Missile,Blue,Enemies,R-27ET,,cn,,262.558625461476,266.687866210938,0.767953511447355,-387.021545410156,-393.021545410156,230.414548876816,-125.881561279297,0.0821071288418753,NaN,0.969234579076074,4.46733944127338,3517.90488857416,1.09358072280884,1.09358072280884,1.09358072280884,3446.85159021099,-379.538483829651,3067.31310638134,,,22.8399999141693,6,13165.9632224338,13259.1660374986
2011-06-01T05:09:30Z,1306904970,2BB0B,55.6656042,25.5608441,-522.54,18,-35,109.9,-58287.48,-67207.86,110.5,Weapon+Missile,Blue,Enemies,R-27ET,,cn,,249.349133994617,254.729415893555,0.728216385433907,-522.543823242188,-529.273271083832,209.305286209123,-135.522277832031,0.0704877254745167,NaN,0.59999796763977,4.05775775618345,3614.85032382188,0.891312658786774,0.891312658786774,0.891312658786774,3108.74953119326,-512.4404384198,2596.30909277346,,,23.8399999141693,6.72944784164429,13375.3091450609,13508.5367524684
2011-06-01T05:09:31Z,1306904971,2BB0B,55.6673722,25.560267,-664.13,18.4,-38.8,109.7,-58110.5,-67273.56,110.2,Weapon+Missile,Blue,Enemies,R-27ET,,cn,,235.975070414627,242.550338745117,0.688074407085647,-664.129943847656,-672.026356220245,188.77924755937,-141.586120605469,0.101309065853536,NaN,0.399999783458042,3.82830224677193,3636.42595068747,0.762473940849304,0.762473940849304,0.762473940849304,2784.21169285942,-651.288991383362,2132.92270147606,,,24.8399999141693,7.89641237258911,13564.1267073696,13744.5284228752
2011-06-01T05:09:32Z,1306904972,2BB0B,55.6690017,25.5597433,-812.9,18.6,-42.4,109.3,-57947.38,-67333.21,109.9,Weapon+Missile,Blue,Enemies,R-27ET,,cn,,228.694439422455,236.564041137695,0.665746983503961,-812.903076171875,-822.705932617188,173.688519255567,-148.773132324219,0.0599694664623964,NaN,0.200001599276313,3.62202626496931,3724.92058591004,0.671718060970306,0.671718060970306,0.671718060970306,2615.05733113755,-797.185595194092,1817.87173594345,,,25.8399999141693,9.8028564453125,13737.8385515339,13973.2253010062
2011-06-01T05:09:33Z,1306904973,2BB0B,55.6704894,25.5592736,-966.22,18.7,-45.9,109,-57798.44,-67386.72,109.6,Weapon+Missile,Blue,Enemies,R-27ET,,cn,,220.348382873837,229.45149230957,0.640366172936302,-966.222290039062,-978.451463699341,158.261266563435,-153.319213867188,0.129612657155656,NaN,0,3.47474753622656,3749.53060538805,0.637793600559235,0.637793600559235,0.637793600559235,2427.67049175575,-947.540382061157,1480.1301096946,,,26.8399999141693,12.2291736602783,13896.1315450358,14193.580614711
