ISOTime,UnixTime,Id,Longitude,Latitude,Altitude,Roll,Pitch,Yaw,U,V,Heading,Type,Color,Coalition,Name,Group,Country,Pilot,TAS,CAS,M,ASL,AGL,GS,VS,AOA,AOS,RRT,TRT,TRD,G,LatG,LonG,Ek,Ep,Em,FFW,FFV,RelativeTime,Elev,GroundDistance,AirDistance
2011-06-01T05:09:29Z,1306904969,2EE10,55.5153748,25.6526762,827.64,47.8,1.1,72.1,-73266.5,-56876.2,72.8,Weapon+Missile,Blue,Enemies,R-77,,cn,,240.095286966663,231.872634887695,0.711971499155265,827.636901855469,827.636901855469,NaN,NaN,NaN,NaN,NaN,NaN,NaN,NaN,NaN,NaN,NaN,811.634542358093,NaN,,,0.480000019073486,0,NaN,NaN
2011-06-01T05:09:30Z,1306904970,2EE10,55.5178718,25.6535976,819.26,39.4,3.5,76.2,-73014.68,-56776.96,76.9,Weapon+Missile,Blue,Enemies,R-77,,cn,,270.799978446362,261.931243896484,0.802945124105724,819.261535644531,819.261535644531,270.670429798644,-8.3753662109375,5.6484781868139,NaN,7.21541183920147,15.6774895254264,1242.99397367556,6.84801578521729,6.84801578521729,6.84801578521729,3666.63141632751,803.421113852844,4470.05253018035,,,1.48000001907349,0,270.743223902223,270.9076753214
2011-06-01T05:09:31Z,1306904971,2EE10,55.5215756,25.6541995,830.63,35,3.1,87.5,-72642.12,-56714.45,88.1,Weapon+Missile,Blue,Enemies,R-77,,cn,,377.933075792388,366.597412109375,1.12075008466426,830.627624511719,830.627624511719,377.762123302162,11.3660888671875,0.261407100271458,NaN,3.61541037298451,11.0617039504736,1479.62874440297,11.1402540206909,11.1402540206909,11.1402540206909,7141.67048889473,814.567439391785,7956.23792828652,,,2.48000001907349,0,648.391234709439,648.775512923545
2011-06-01T05:09:32Z,1306904972,2EE10,55.5263779,25.6538589,842.93,33.6,-0.9,101.6,-72160.42,-56757.55,102.2,Weapon+Missile,Blue,Enemies,R-77,,cn,,483.784345335654,466.331817626953,1.43485165382995,842.928466796875,842.928466796875,483.627937645172,12.3008422851562,0.226603557224462,NaN,0.815415303872802,14.4174450453662,1751.91404258057,14.3541431427002,14.3541431427002,14.3541431427002,11702.3646395924,826.630444891357,12528.9950844837,,,3.48000001907349,0,1131.78202112709,1132.38618154903
2011-06-01T05:09:33Z,1306904973,2EE10,55.5316606,25.6522244,791.97,35,-10.2,114.3,-71632.1,-56944.48,114.9,Weapon+Missile,Blue,Enemies,R-77,,cn,,562.727201794842,540.794494628906,1.66801214431878,791.96923828125,791.96923828125,560.415078909325,-50.959228515625,1.62536084865657,NaN,2.04616075079574,11.333297031309,4440.97806051782,6.50303173065186,6.50303173065186,6.50303173065186,15833.0951819927,776.656513059082,16609.7516950517,,,4.48000001907349,0,1692.23670325711,1695.22435902391
2011-06-01T05:09:34Z,1306904974,2EE10,55.5375796,25.6498962,667.89,30.6,-11,113.1,-71040.75,-57208.94,113.7,Weapon+Missile,Blue,Enemies,R-77,,cn,,659.56706226722,634.275268554688,1.95228547992635,667.894592285156,667.894592285156,647.791781245143,-124.074645996094,0.0291270225004426,NaN,4.81539264788571,3.69642239295638,5000,0.793179869651794,0.793179869651794,0.793179869651794,21751.4354813905,654.980850343323,22406.4163317339,,,5.48000001907349,0,2340.27825434748,2355.10957441473
2011-06-01T05:09:35Z,1306904975,2EE10,55.5446658,25.6471642,515.84,26.2,-11.3,113,-70332.69,-57519.38,113.7,Weapon+Missile,Blue,Enemies,R-77,,cn,,787.937694681161,760.101501464844,2.32821232931476,515.843811035156,515.843811035156,773.127654802703,-152.05078125,0.080568391706003,NaN,4.4153621285764,0.218950918591882,5000,0.754887163639069,0.754887163639069,0.754887163639069,31042.2905349731,505.869970948791,31548.1605059219,,,6.48000001907349,0,3113.68963548343,3143.3960863888
2011-06-01T05:09:36Z,1306904976,2EE10,55.5524099,25.644177,347.19,22.5,-11.4,113.1,-69558.81,-57858.77,113.7,Weapon+Missile,Blue,Enemies,R-77,,cn,,861.692023929014,836.554992675781,2.54126449477189,347.188446044922,347.188446044922,845.025746331371,-168.655364990234,0.0357442934513963,NaN,3.53847512217349,0.169598492949669,5000,0.742627441883087,0.742627441883087,0.742627441883087,37125.657205144,340.475557440643,37466.1327625846,,,7.48000001907349,0,3958.99654645306,4005.41992287455
2011-06-01T05:09:37Z,1306904977,2EE10,55.5596186,25.6413941,187.92,19.3,-11.5,113.1,-68838.45,-58174.9,113.7,Weapon+Missile,Blue,Enemies,R-77,,cn,,802.634439777927,785.257568359375,2.36282712175901,187.91845703125,187.91845703125,786.673448463345,-159.269989013672,0,NaN,3.0769182588207,0.150657991515041,5000,0.777599990367889,0.777599990367889,0.777599990367889,32211.1021958814,184.285053664551,32395.3872495459,,,8.48000001907349,0,4745.96159574114,4808.37252285392
2011-06-01T05:09:38Z,1306904978,2EE10,55.5661242,25.6388806,42.24,16.5,-11.7,113.1,-68188.3,-58460.39,113.7,Weapon+Missile,Blue,Enemies,R-77,,cn,,724.863377306216,714.492736816406,2.13037478258678,42.2392272949219,42.2392272949219,710.073572091796,-145.679229736328,0.0383459482903241,NaN,2.69229664627895,0.130848001662984,5000,0.824752986431122,0.824752986431122,0.824752986431122,26271.3457879887,41.4225318351746,26312.7683198238,,,9.48000001907349,0,5456.28199277533,5533.49024542991
2011-06-01T05:09:39Z,1306904979,2EE10,55.5720342,25.6365988,-91.51,13.7,-11,112,-67597.65,-58719.54,112.6,Weapon+Missile,Blue,Enemies,R-77,,cn,,658.720857591308,653.8271484375,1.93306968784491,-91.5130767822266,-91.5130767822266,644.99882897559,-133.752304077148,1.94522879316471,NaN,3.29226046297287,6.6566114382011,3057.64574010397,12.5508785247803,12.5508785247803,12.5508785247803,21695.6584112914,-89.7436714426422,21605.9147398488,,,10.4800000190735,0,6101.51583550243,6192.43878234645
2011-06-01T05:09:40Z,1306904980,2EE10,55.5772265,25.6355458,-138.08,3.7,0.9,91.8,-67077.58,-58841.78,92.4,Weapon+Missile,Blue,Enemies,R-77,,cn,,536.269163672835,535.271118164062,1.57290241123581,-138.07844543457,-138.07844543457,534.243654476712,-46.5653686523438,1.21427717017127,NaN,9.16922843241864,16.4461546628325,1562.08559825453,17.626371383667,17.626371383667,17.626371383667,14379.2307953181,-135.408698692093,14243.822096626,,,11.4800000190735,0,6635.64343022792,6728.58274764744
2011-06-01T05:09:41Z,1306904981,2EE10,55.5814198,25.635903,-115.68,-0.1,4.3,78.5,-66656.13,-58806.73,79.1,Weapon+Missile,Blue,Enemies,R-77,,cn,,423.492768792695,424.423492431641,1.24243644018415,-115.680000305176,-115.680000305176,422.900029410602,22.3984451293945,0.295848713997208,NaN,2.47689980061342,15.0322047593496,2092.90223281448,8.35470581054688,8.35470581054688,8.35470581054688,8967.30626098514,-113.443327499275,8853.86293348586,,,12.4800000190735,0,7058.36193171251,7151.88584540828
2011-06-01T05:09:42Z,1306904982,2EE10,55.5848702,25.6368515,-86.13,-1.7,4.9,66,-66308.58,-58705.38,66.6,Weapon+Missile,Blue,Enemies,R-77,,cn,,363.236003899825,364.291442871094,1.06600995038225,-86.129997253418,-86.129997253418,362.032031523117,29.5500030517578,0.565785875153299,NaN,1.56924962218877,10.7315419975053,2311.29376370185,5.72348165512085,5.72348165512085,5.72348165512085,6597.01972645569,-84.4646737565231,6512.55505269917,,,13.4800000190735,0,7420.38852771856,7515.11072336793
2011-06-01T05:09:43Z,1306904983,2EE10,55.5876098,25.6380576,-60.52,-0.9,4.6,68.9,-66032.09,-58574.72,69.5,Weapon+Missile,Blue,Enemies,R-77,,cn,,306.877559641914,307.594299316406,0.900870864578235,-60.5200004577637,-60.5200004577637,305.807071003768,25.6099967956543,0.333169327961755,NaN,2.03078129921899,0.983809669156353,1655.08909026983,5.42777681350708,5.42777681350708,5.42777681350708,4708.69183058884,-59.3498462489128,4649.34198433993,,,14.4800000190735,0,7726.36910574459,7822.15767973558
2011-06-01T05:09:44Z,1306904984,2EE10,55.5901716,25.6386911,-40.52,0.7,4,80.9,-65774.13,-58507.3,81.5,Weapon+Missile,Blue,Enemies,R-77,,cn,,267.366841681966,267.807342529297,0.785059654575848,-40.519229888916,-40.519229888916,266.617698601652,20.0007705688477,0.325212275841454,NaN,1.52306783172426,12.0661319330218,1347.74025590583,5.14565849304199,5.14565849304199,5.14565849304199,3574.25140154946,-39.7357905790138,3534.51561097045,,,15.4800000190735,0,7992.96535880854,8089.50103024914
2011-06-01T05:09:45Z,1306904985,2EE10,55.5925074,25.6388348,-25.54,1.9,3.2,91.5,-65539.45,-58493.89,92.2,Weapon+Missile,Blue,Enemies,R-77,,cn,,235.539676704045,235.794555664062,0.691723294021029,-25.537691116333,-25.537691116333,235.062742258001,14.981538772583,0.321896830382723,NaN,1.13846169382984,10.2170648284632,1557.75335826544,3.55609941482544,3.55609941482544,3.55609941482544,2773.9469650923,-25.0439198585987,2748.9030452337,,,16.4800000190735,0,8227.92601002001,8324.93760846472
2011-06-01T05:09:46Z,1306904986,2EE10,55.594642,25.6386737,-14.99,2.3,2.6,95.9,-65325.32,-58514,96.5,Weapon+Missile,Blue,Enemies,R-77,,cn,,215.329582843198,215.470581054688,0.63244619745095,-14.9899997711182,-14.9899997711182,215.071093954329,10.5476913452148,0.122735199987578,NaN,0,4.55620062926207,5000,0.890450179576874,0.890450179576874,0.890450179576874,2318.34146237129,-14.7001681255436,2303.64129424575,,,17.4800000190735,0,8442.89782654205,8540.16735094412
2011-06-01T05:09:47Z,1306904987,2EE10,55.5966645,25.6385043,-6.25,2.2,2.2,93.3,-65122.46,-58534.93,93.9,Weapon+Missile,Blue,Enemies,R-77,,cn,,204.13060638927,204.188812255859,0.599612567321227,-6.25384616851807,-6.25384616851807,203.943580642007,8.7361536026001,0.12525022524646,NaN,0.0307691484372612,3.21191161168072,1931.51072648202,2.17061185836792,2.17061185836792,2.17061185836792,2083.46522324256,-6.13292805284977,2077.33229518971,,,18.4800000190735,0,8646.74879043863,8744.20508630782
2011-06-01T05:09:48Z,1306904988,2EE10,55.5985452,25.6385252,-1.27,3,0.6,85,-64933.61,-58534.61,85.6,Weapon+Missile,Blue,Enemies,R-77,,cn,,188.9097079378,188.923110961914,0.554933876962594,-1.27230763435364,-1.27230763435364,188.844015067933,4.98153853416443,0.394235039783745,NaN,0.938461588657405,6.60054241530447,1798.28320962656,1.98872888088226,1.98872888088226,1.98872888088226,1784.34388765725,-1.24770756624341,1783.096180091,,,19.4800000190735,0,8835.50716944662,8933.02907665056
2011-06-01T05:09:49Z,1306904989,2EE10,55.6002708,25.6387044,-1.19,2.9,0.1,85,-64760.15,-58516.59,85.6,Weapon+Missile,Blue,Enemies,R-77,,cn,,174.393995707223,174.405868530273,0.512293532809922,-1.19384610652924,-1.19384610652924,174.393978056926,0.0784615278244019,0.168352237127131,NaN,1.01534860125742,0.846463049323006,2426.83857909678,1.71291875839233,1.71291875839233,1.71291875839233,1520.66328693654,-1.17076309205949,1519.49252384448,,,20.4800000190735,0,9009.83426803991,9107.35615919921
2011-06-01T05:09:50Z,1306904990,2EE10,55.6019036,25.6387685,0.92,1.5,1.4,90.2,-64596.14,-58511.23,90.8,Weapon+Missile,Blue,Enemies,R-77,,cn,,164.117062036822,164.112716674805,0.482115870421329,0.922307431697845,0.922307431697845,164.10341844642,2.11615353822708,0.0740681576870127,NaN,1.3384438697557,5.25161121696504,1756.16052893717,2.004554271698,2.004554271698,2.004554271698,1346.72050257991,0.904474617505968,1347.62497719741,,,21.4800000190735,0,9173.86008072674,9271.39561843977
2011-06-01T05:09:51Z,1306904991,2EE10,55.6034126,25.6387038,6.41,0.5,2.6,95.5,-64444.71,-58519.99,96.1,Weapon+Missile,Blue,Enemies,R-77,,cn,,151.782525302145,151.74072265625,0.445909087654754,6.41307687759399,6.41307687759399,151.683177834552,5.49076944589615,0.0806995401856638,NaN,0.769243225083516,5.48524424082767,1534.58729776743,1.90304672718048,1.90304672718048,1.90304672718048,1151.89674935481,6.28908003616571,1158.18582939098,,,22.4800000190735,0,9325.46580098387,9423.10082401106
2011-06-01T05:09:52Z,1306904992,2EE10,55.604811,25.6385183,13.56,0.3,3.1,101.3,-64304.52,-58542.01,101.9,Weapon+Missile,Blue,Enemies,R-77,,cn,,142.082409923233,141.996734619141,0.417445549641605,13.5623073577881,13.5623073577881,141.902430258029,7.14923048019409,0.0942893534993489,NaN,0.199987938897973,5.78157370551597,1625.57952687311,1.63626480102539,1.63626480102539,1.63626480102539,1009.37056047969,13.3000801450253,1022.67064062471,,,23.4800000190735,0,9467.32628681416,9565.14156451578
2011-06-01T05:09:53Z,1306904993,2EE10,55.6060936,25.6382429,21,0.3,3.1,102.7,-64176.08,-58573.87,103.3,Weapon+Missile,Blue,Enemies,R-77,,cn,,132.542530626186,132.416732788086,0.389449511737362,20.9992294311523,20.9992294311523,132.333724404885,7.43692207336426,0.0280755272394684,NaN,0,0.72078607449089,2223.9438933878,1.18334233760834,1.18334233760834,1.18334233760834,878.376121239673,20.593209330101,898.969330569774,,,24.4800000190735,0,9599.64233529073,9697.66680499301
2011-06-01T05:09:54Z,1306904994,2EE10,55.6073156,25.6380489,27.1,0.6,2.5,97.2,-64053.62,-58596.65,97.8,Weapon+Missile,Blue,Enemies,R-77,,cn,,124.710496689734,124.556701660156,0.366461847323295,27.0999984741211,27.0999984741211,124.561184169406,6.10076904296875,0.263840061581051,NaN,0.369230848464192,4.11675821089449,1973.61051201372,1.16767561435699,1.16767561435699,1.16767561435699,777.635399230011,26.576020003624,804.211419233635,,,25.4800000190735,0,9724.17083718797,9822.34512753954
2011-06-01T05:09:55Z,1306904995,2EE10,55.6084871,25.6379305,31.64,0.8,2,96.6,-63936.13,-58611,97.3,Weapon+Missile,Blue,Enemies,R-77,,cn,,118.452375039063,118.280792236328,0.348090149369419,31.6369228363037,31.6369228363037,118.365457248838,4.53692436218262,0.0446217466838633,NaN,0.199999998450727,1.27330243465058,5000,0.873963415622711,0.873963415622711,0.873963415622711,701.548257619736,31.0252229332638,732.573480553,,,26.4800000190735,0,9842.47889852388,9940.7406931573
2011-06-01T05:09:56Z,1306904996,2EE10,55.6095932,25.6378016,34.5,2.6,-0.2,97.6,-63825.23,-58626.45,98.2,Weapon+Missile,Blue,Enemies,R-77,,cn,,112.010305392361,111.832405090332,0.329169766199303,34.4969215393066,34.4969215393066,111.973786760602,2.85999870300293,0.0580378572351243,NaN,3.27692305974819,2.4851173719586,1627.26243158424,0.243574067950249,0.243574067950249,0.243574067950249,627.315425704498,33.8299235613441,661.145349265843,,,27.4800000190735,0,9954.40848755569,10052.7073953362
2011-06-01T05:09:57Z,1306904997,2EE10,55.6106423,25.6376749,29.91,5.9,-4.8,97.6,-63720.04,-58641.59,98.2,Weapon+Missile,Blue,Enemies,R-77,,cn,,106.366172276777,106.219772338867,0.312566933639137,29.9084625244141,29.9084625244141,106.267156961507,-4.58845901489258,0.0884319618138807,NaN,3.26153912585979,4.49644714619503,1332.41742181955,0.143737867474556,0.143737867474556,0.143737867474556,565.688130240649,29.3301824015045,595.018312642154,,,28.4800000190735,0,10060.6348635512,10159.0333604532
2011-06-01T05:09:58Z,1306904998,2EE10,55.6116521,25.6375531,17.27,8.7,-9.4,97.6,-63618.8,-58656.14,98.2,Weapon+Missile,Blue,Enemies,R-77,,cn,,103.064757080919,102.983131408691,0.302822277202242,17.2653846740723,17.2653846740723,102.286346765437,-12.6430778503418,0.0792150259545234,NaN,2.67692359800454,4.5462166002428,1312.54736983513,0.176105931401253,0.176105931401253,0.176105931401253,531.117207607447,16.9315584613991,548.048766068846,,,29.4800000190735,0,10162.8844622152,10262.0620223466
2011-06-01T05:09:59Z,1306904999,2EE10,55.6126126,25.6374376,-2.61,10.9,-13.8,97.5,-63522.5,-58669.95,98.1,Weapon+Missile,Blue,Enemies,R-77,,cn,,99.294798035002,99.3083343505859,0.291680185610758,-2.6076922416687,-2.6076922416687,97.2857529688335,-19.873076915741,0.0501462134933871,NaN,2.10769392502838,4.41953452038563,1306.31989494047,0.208486631512642,0.208486631512642,0.208486631512642,492.972845840592,-2.55727251217604,490.415573328416,,,30.4800000190735,0,10260.1357248903,10361.3231376591
2011-06-01T05:10:00Z,1306905000,2EE10,55.6135392,25.6373268,-29.34,12.8,-18.1,97.5,-63429.6,-58683.2,98.1,Weapon+Missile,Blue,Enemies,R-77,,cn,,97.5710642652815,97.7065658569336,0.286530456774314,-29.3384590148926,-29.3384590148926,93.8380450008161,-26.7307667732239,0.0692656565918291,NaN,1.70769243402305,4.234929448159,1326.52280325717,0.224035173654556,0.224035173654556,0.224035173654556,476.005629092984,-28.7711999098396,447.234429183145,,,31.4800000190735,0,10353.9378177099,10458.8593998338
2011-06-01T05:10:01Z,1306905001,2EE10,55.6144314,25.6372209,-62.43,14.4,-22.1,97.4,-63340.14,-58695.86,98,Weapon+Missile,Blue,Enemies,R-77,,cn,,96.2132251343249,96.4963684082031,0.28243783697402,-62.4253845214844,-62.4253845214844,90.3451163664618,-33.0869255065918,0.0208323490993966,NaN,1.53845912941035,4.08106022719742,1374.19707414887,0.240826964378357,0.240826964378357,0.240826964378357,462.849234537414,-61.2183897117615,401.630844825653,,,32.4800000190735,0,10444.2540979967,10555.044938078
2011-06-01T05:10:02Z,1306905002,2EE10,55.6152966,25.6371194,-101.66,15.5,-26.1,97.3,-63253.38,-58708.01,97.9,Weapon+Missile,Blue,Enemies,R-77,,cn,,95.9923732035801,96.4512939453125,0.281665274884976,-101.660003662109,-101.660003662109,87.608106783251,-39.234619140625,0.0381590848064295,NaN,0.969227748886904,3.92802685063552,1455.69191700037,0.254954487085342,0.254954487085342,0.254954487085342,460.72678566277,-99.6944074913025,361.032378171468,,,33.4800000190735,0,10531.8199632053,10650.9977328624
2011-06-01T05:10:03Z,1306905003,2EE10,55.6161309,25.6370228,-146.38,16.3,-29.8,97.2,-63169.73,-58719.57,97.8,Weapon+Missile,Blue,Enemies,R-77,,cn,,95.5567781149931,96.2144927978516,0.280246370682998,-146.376907348633,-146.376907348633,84.4481874785256,-44.7169036865234,0.0925319242755828,NaN,0.723074561388815,3.69346193283801,1549.14203141862,0.264441877603531,0.264441877603531,0.264441877603531,456.554892185901,-143.546709845047,313.008182340854,,,34.4800000190735,0,10616.240202574,10746.5283622053
2011-06-01T05:10:04Z,1306905004,2EE10,55.6169461,25.6369302,-196.8,16.8,-33.2,97.1,-63087.99,-58730.7,97.7,Weapon+Missile,Blue,Enemies,R-77,,cn,,96.6820007994694,97.5764923095703,0.283386061250615,-196.799224853516,-196.799224853516,82.4924189003171,-50.4223175048828,0.0417157476853676,NaN,0.384614782352588,3.42933424876538,1668.43053575031,0.262725859880447,0.262725859880447,0.262725859880447,467.37046392943,-192.994111840973,274.376352088457,,,35.4800000190735,0,10698.6994611826,10843.1801784766
2011-06-01T05:10:05Z,1306905005,2EE10,55.6177434,25.6368411,-252.76,17,-36.3,96.9,-63008.05,-58741.39,97.5,Weapon+Missile,Blue,Enemies,R-77,,cn,,98.1686294188607,99.3344039916992,0.287563186320002,-252.759216308594,-252.759216308594,80.6570465509691,-55.9599914550781,0.0575655058168684,NaN,0.0461550033163612,3.15613500625792,2117.43210733817,0.340199291706085,0.340199291706085,0.340199291706085,481.853990098881,-247.872116861267,233.981873237614,,,36.4800000190735,0,10779.3321966603,10941.3264999501
2011-06-01T05:10:06Z,1306905006,2EE10,55.6185196,25.636755,-312.81,15,-37.2,97.4,-62930.21,-58751.75,98,Weapon+Missile,Blue,Enemies,R-77,,cn,,98.8536841580805,100.306610107422,0.28937538222952,-312.813049316406,-312.813049316406,78.5212583489039,-60.0538330078125,0.113507953741522,NaN,4.10767576684567,1.42866042340781,2902.46442885425,0.461449563503265,0.461449563503265,0.461449563503265,488.602543581277,-306.764809007874,181.837734573404,,,37.4800000190735,0,10857.8143775993,11040.1463836532
