ISOTime,UnixTime,Id,Longitude,Latitude,Altitude,Roll,Pitch,Yaw,U,V,Heading,Type,Color,Coalition,Name,Group,Country,Pilot,TAS,CAS,M,ASL,AGL,GS,VS,AOA,AOS,RRT,TRT,TRD,G,LatG,LonG,Ek,Ep,Em,FFW,FFV,RelativeTime,Elev,GroundDistance,AirDistance
2011-06-01T05:09:31Z,1306904971,2F50B,55.5638133,25.6043541,283.79,30.1,-0.3,15.9,-68461.79,-62282.03,16.6,Weapon+Missile,Blue,Enemies,R-73,,cn,,266.067276540433,263.027435302734,0.784110019739064,283.793060302734,283.793060302734,NaN,NaN,1.27109887292868,NaN,6.33847019128519,11.3886623082057,NaN,NaN,NaN,NaN,NaN,278.305921481781,NaN,,,0.970000028610229,0,NaN,NaN
2011-06-01T05:09:32Z,1306904972,2F50B,55.565079,25.6075982,258.04,25.6,-8.7,27.6,-68330.77,-61924.09,28.2,Weapon+Missile,Blue,Enemies,R-73,,cn,,382.033319987362,378.317474365234,1.12553778064733,258.043060302734,258.043060302734,381.164524950272,-25.75,1.85999323668857,NaN,3.61541037298451,8.2353588653176,1710.47047638008,8.69783973693848,8.69783973693848,8.69783973693848,7297.47287902832,253.053797731781,7550.5266767601,,,1.97000002861023,0,382.82935993495,383.71060974198
2011-06-01T05:09:33Z,1306904973,2F50B,55.5673949,25.6111932,169.45,21.2,-11.5,31.1,-68093.88,-61528.42,31.7,Weapon+Missile,Blue,Enemies,R-73,,cn,,469.593464768476,464.693481445312,1.38211928399044,169.452301025391,169.452301025391,461.161251108466,-88.5907592773438,0.0759238421429325,NaN,4.24613736170017,7.71455011091495,5000,0.770238101482391,0.770238101482391,0.770238101482391,11025.9011076631,166.175940785065,11192.0770484482,,,2.97000002861023,0,845.655400776658,854.954309172389
2011-06-01T05:09:34Z,1306904974,2F50B,55.570284,25.6155353,54.4,17.5,-11.7,31.1,-67798.56,-61050.62,31.7,Weapon+Missile,Blue,Enemies,R-73,,cn,,573.355965477898,567.171569824219,1.68532526444312,54.4007682800293,54.4007682800293,561.694051919758,-115.051532745361,0.0307539513459066,NaN,3.53847512217349,0.318214591408207,5000,0.853483498096466,0.853483498096466,0.853483498096466,16436.8531574547,53.3489294253349,16490.20208688,,,3.97000002861023,0,1409.33617435872,1430.26641692434
2011-06-01T05:09:35Z,1306904975,2F50B,55.5735563,25.6204569,-77.35,14.4,-11.8,31.1,-67464.09,-60509.05,31.7,Weapon+Missile,Blue,Enemies,R-73,,cn,,650.023871659838,644.9482421875,1.90785137443846,-77.3492202758789,-77.3492202758789,636.531989960571,-131.749988555908,0.0493070091445608,NaN,3.03074618003142,0.104678365311811,5000,0.808911859989166,0.808911859989166,0.808911859989166,21126.5516863823,-75.8536731018448,21050.6980132805,,,4.97000002861023,0,2048.12347602991,2082.49782376019
2011-06-01T05:09:36Z,1306904976,2F50B,55.5770014,25.6256478,-218.03,12,-12,31,-67111.97,-59937.84,31.6,Weapon+Missile,Blue,Enemies,R-73,,cn,,685.615227998584,683.741638183594,2.00913892237559,-218.029235839844,-218.029235839844,671.027103837448,-140.680015563965,0.0161599053414814,NaN,2.30772967525055,0.522276017774579,5000,0.403312504291534,0.403312504291534,0.403312504291534,23503.4120431775,-213.81364056488,23289.5984026126,,,5.97000002861023,0,2721.53605303844,2770.43267858289
2011-06-01T05:09:37Z,1306904977,2F50B,55.5799416,25.630112,-344.86,10.2,-12.6,30.8,-66811.43,-59446.54,31.4,Weapon+Missile,Blue,Enemies,R-73,,cn,,589.730610505395,592.422729492188,1.72570605249927,-344.859222412109,-344.859222412109,575.930853031112,-126.829986572266,0,NaN,2.16926808039605,0.345060783343074,5000,0.904724538326263,0.904724538326263,0.904724538326263,17389.1096483533,-338.191369346771,17050.9182790065,,,6.97000002861023,0,3299.50402201515,3362.12798758356
2011-06-01T05:09:38Z,1306904978,2F50B,55.5823954,25.6338384,-451.05,8.2,-12.3,30.9,-66560.62,-59036.46,31.5,Weapon+Missile,Blue,Enemies,R-73,,cn,,492.283837327607,498.099975585938,1.43884501068364,-451.049224853516,-451.049224853516,480.694351823993,-106.190002441406,0.028229698989309,NaN,1.84611817038441,0.317906992771718,5000,1.24595928192139,1.24595928192139,1.24595928192139,12117.1688246997,-442.328188090973,11674.8406366087,,,7.97000002861023,0,3781.9220586432,3856.06567419281
2011-06-01T05:09:39Z,1306904979,2F50B,55.5844976,25.637016,-539.29,6.6,-12,31,-66345.79,-58686.77,31.6,Weapon+Missile,Blue,Enemies,R-73,,cn,,419.79160325963,427.232543945312,1.22575987272363,-539.289978027344,-539.289978027344,410.41266993918,-88.2407531738281,0,NaN,1.53843180865367,0.300992162694314,5000,1.16185629367828,1.16185629367828,1.16185629367828,8811.24950836455,-528.862806302185,8282.38670206236,,,8.97000002861023,0,4193.79127497344,4277.25012703854
2011-06-01T05:09:40Z,1306904980,2F50B,55.5863237,25.6397662,-614.04,5.4,-11.7,31.1,-66159.2,-58384.11,31.7,Weapon+Missile,Blue,Enemies,R-73,,cn,,363.326534370296,371.2890625,1.06000489093019,-614.043823242188,-614.043823242188,355.553136961446,-74.7538452148438,0.0426111534145171,NaN,1.13845593085773,0.232390516403073,5000,1.11108028888702,1.11108028888702,1.11108028888702,6600.30852887649,-602.1712859198,5998.13724295669,,,9.97000002861023,0,4550.6036249063,4641.77745055135
2011-06-01T05:09:41Z,1306904981,2F50B,55.587932,25.6421815,-678.54,4.3,-11.6,31.1,-65994.87,-58118.32,31.8,Weapon+Missile,Blue,Enemies,R-73,,cn,,319.076304458516,327.260162353516,0.930238691621925,-678.542297363281,-678.542297363281,312.489415665482,-64.4984741210938,0.0528316910990989,NaN,0.938467991959752,0.208185513263524,5000,1.07181036472321,1.07181036472321,1.07181036472321,5090.48440334518,-665.422682043762,4425.06172130141,,,10.9700000286102,0,4864.20196231809,4961.90873788549
2011-06-01T05:09:42Z,1306904982,2F50B,55.5894041,25.6443873,-736.6,3.5,-11.4,31.2,-65844.45,-57875.58,31.8,Weapon+Missile,Blue,Enemies,R-73,,cn,,291.404218883397,299.823608398438,0.849016681832026,-736.595336914062,-736.595336914062,285.563063756428,-58.0530395507812,0.0270115641181128,NaN,0.769243225083516,0.133439311401063,5000,1.05025780200958,1.05025780200958,1.05025780200958,4245.82093915213,-722.353266074829,3523.4676730773,,,11.9700000286102,0,5150.76022532068,5254.25711781277
2011-06-01T05:09:43Z,1306904983,2F50B,55.5907902,25.6464604,-790.51,2.8,-11.3,31.2,-65702.86,-57647.45,31.8,Weapon+Missile,Blue,Enemies,R-73,,cn,,273.864972946301,282.550628662109,0.797439346815606,-790.5107421875,-790.5107421875,268.505404938297,-53.9154052734375,0.0488715954113728,NaN,0.569255286185543,0.140580087415326,5000,1.03343629837036,1.03343629837036,1.03343629837036,3750.10117034391,-775.226216987305,2974.8749533566,,,12.9700000286102,0,5420.22007692397,5529.0262919198
2011-06-01T05:09:44Z,1306904984,2F50B,55.5921117,25.648434,-841.34,2.3,-11.2,31.3,-65567.87,-57430.26,31.9,Weapon+Missile,Blue,Enemies,R-73,,cn,,260.724725331329,269.671112060547,0.758750988870741,-841.344604492188,-841.344604492188,255.721138825646,-50.8338623046875,0.0241593297778076,NaN,0.569255286185543,0.125894153503381,5000,1.02258956432343,1.02258956432343,1.02258956432343,3398.86911995485,-825.077206564331,2573.79191339052,,,13.9700000286102,0,5676.84308836951,5790.60343818337
