ISOTime,UnixTime,Id,Longitude,Latitude,Altitude,Roll,Pitch,Yaw,U,V,Heading,Type,Color,Coalition,Name,Group,Country,Pilot,TAS,CAS,M,ASL,AGL,GS,VS,AOA,AOS,RRT,TRT,TRD,G,LatG,LonG,Ek,Ep,Em,FFW,FFV,RelativeTime,Elev,GroundDistance,AirDistance
2011-06-01T05:09:55Z,1306904995,4F0A,55.5867311,25.5900747,601.64,95.1,4.2,74.3,-66176.99,-63888.34,74.9,Weapon+Missile,Blue,Enemies,R-27ET,,ru,,356.70746334264,348.937835693359,1.05503730882358,601.635375976562,601.635375976562,NaN,NaN,1.60652172762602,NaN,21.0769255899055,4.95398282539541,NaN,NaN,NaN,NaN,NaN,590.002755982056,NaN,,,0.609999895095825,0,NaN,NaN
2011-06-01T05:09:56Z,1306904996,4F0A,55.5918418,25.5914676,658.3,79.8,7.4,77.9,-65662.03,-63739.52,78.6,Weapon+Missile,Blue,Enemies,R-27ET,,ru,,539.021016765005,521.463989257812,1.59530032063864,658.304626464844,653.506462574005,536.033816623053,56.6692504882812,1.63592204891133,NaN,12.3692540208397,4.55369864559173,4184.22664139467,8.15127658843994,8.15127658843994,8.15127658843994,14527.182825719,645.576306512146,15172.7591322312,,,1.60999989509583,4.79816389083862,536.024983481634,539.064882489694
2011-06-01T05:09:57Z,1306904997,4F0A,55.5992305,25.5925655,740.91,71.7,4.6,84.3,-64918.62,-63625.77,84.9,Weapon+Missile,Blue,Enemies,R-27ET,,ru,,756.579987101634,723.213745117188,2.24131057254924,740.906921386719,739.063659667969,752.057270263607,82.602294921875,0.186563837529246,NaN,6.73844606908114,6.58060125113579,5000,10.7182636260986,10.7182636260986,10.7182636260986,28620.6638441354,726.581486061707,29347.2453301971,,,2.60999989509583,1.84326171875,1287.83595734685,1295.48201747132
2011-06-01T05:09:58Z,1306904998,4F0A,55.6082535,25.593055,762.3,67.7,-2.6,88.9,-64011.79,-63581.1,89.5,Weapon+Missile,Blue,Enemies,R-27ET,,ru,,908.187867207216,865.021423339844,2.69109688892442,762.304565429688,762.304565429688,907.935759275843,21.3976440429688,0.489507276124324,NaN,3.64617354500625,7.40806244738356,5000,9.8989372253418,9.8989372253418,9.8989372253418,41240.2601071196,747.565406657105,41987.8255137767,,,3.60999989509583,0,2195.36168496639,2203.36688088208
2011-06-01T05:09:59Z,1306904999,4F0A,55.6167003,25.5930033,699.19,59.9,-4.8,91,-63163.46,-63595.7,91.6,Weapon+Missile,Blue,Enemies,R-27ET,,ru,,850.793947465585,813.279541015625,2.51920907660569,699.192321777344,699.192321777344,848.44987226426,-63.1122436523438,0.125632492335698,NaN,9.26157258999721,3.55919258003002,5000,1.27419328689575,1.27419328689575,1.27419328689575,36192.5170522036,685.673438235779,36878.1904904394,,,4.60999989509583,0,3043.41556626003,3053.86282321327
2011-06-01T05:10:00Z,1306905000,4F0A,55.6249547,25.5928737,636.66,50.8,-3.8,91,-62334.56,-63618.67,91.6,Weapon+Missile,Blue,Enemies,R-27ET,,ru,,831.579045000457,797.358337402344,2.46055380442934,636.6591796875,636.234845817089,829.224525821712,-62.5331420898438,0.0349415327876087,NaN,9.19999160444038,0.656194896500784,5000,2.30614972114563,2.30614972114563,2.30614972114563,34576.1854041936,624.349374448242,35200.5347786418,,,5.60999989509583,0.424333870410919,3872.2657542199,3885.1551428916
2011-06-01T05:10:01Z,1306905001,4F0A,55.6330584,25.5927256,587.87,43.4,-3.3,91.3,-61520.8,-63643.5,91.9,Weapon+Missile,Blue,Enemies,R-27ET,,ru,,815.593321810314,783.920959472656,2.41190966028207,587.86767578125,587.86767578125,814.132578716851,-48.79150390625,0.0598218135188287,NaN,6.92307974272492,0.709498493196357,5000,1.58643043041229,1.58643043041229,1.58643043041229,33259.6233290791,576.50125427002,33836.1245833492,,,6.60999989509583,0,4686.02484282201,4700.45361985247
2011-06-01T05:10:02Z,1306905002,4F0A,55.6410549,25.5925289,544.43,37.1,-2.9,91.8,-60717.87,-63673.54,92.4,Weapon+Missile,Blue,Enemies,R-27ET,,ru,,804.672236896979,775.044921875,2.37843473403962,544.4345703125,544.4345703125,803.499206086807,-43.43310546875,0.0461284026681888,NaN,6.35382445653938,0.616129380355459,5000,1.69894754886627,1.69894754886627,1.69894754886627,32374.8704416394,533.907927895508,32908.7783695349,,,7.60999989509583,0,5489.15373944102,5504.82727254899
2011-06-01T05:10:03Z,1306905003,4F0A,55.6488963,25.5922759,507.26,31.8,-2.6,92.3,-59930.58,-63709.61,92.9,Weapon+Missile,Blue,Enemies,R-27ET,,ru,,788.986924643491,761.384521484375,2.33108475115264,507.263824462891,507.263824462891,788.11084430515,-37.1707458496094,0.0468984653106907,NaN,4.93844533597266,0.54662409470094,5000,1.29367768764496,1.29367768764496,1.29367768764496,31125.0183629197,497.455878416901,31622.4742413366,,,8.60999989509583,0,6276.91668442216,6293.53155973605
2011-06-01T05:10:04Z,1306905004,4F0A,55.656678,25.591962,471.18,27.8,-2.9,92.9,-59149.36,-63752.32,93.5,Weapon+Missile,Blue,Enemies,R-27ET,,ru,,783.217510481957,757.08642578125,2.31308817105451,471.175384521484,471.175384521484,782.385642268664,-36.0884399414062,0.0807178984503903,NaN,3.29231510448623,0.636515894202361,5000,1.35577285289764,1.35577285289764,1.35577285289764,30671.4834362777,462.065208461761,31133.5486447395,,,9.60999989509583,0,7058.96079527307,7076.46782274564
2011-06-01T05:10:05Z,1306905005,4F0A,55.664257,25.5915473,431.73,25.7,-2.8,94.5,-58388.6,-63805.94,95.1,Weapon+Missile,Blue,Enemies,R-27ET,,ru,,763.672060692348,739.730102539062,2.254352443432,431.730773925781,429.730773925781,762.652698793527,-39.4446105957031,0.0338788056543211,NaN,2.46154553535924,1.83946193759482,5000,3.85735440254211,3.85735440254211,3.85735440254211,29159.7508141049,423.383259411926,29583.1340735168,,,10.6099998950958,2,7821.2873967762,7839.86810802656
2011-06-01T05:10:06Z,1306905006,4F0A,55.6710279,25.5908845,403.35,21.6,-1.7,98,-57709.28,-63886.18,98.6,Weapon+Missile,Blue,Enemies,R-27ET,,ru,,684.631063734476,665.20263671875,2.02037228134983,403.350769042969,399.350769042969,684.042592791598,-28.3800048828125,0.0839140371174428,NaN,4.61540470898774,3.44327573207844,5000,4.92813491821289,4.92813491821289,4.92813491821289,23435.98467151,395.551981923523,23831.5366534335,,,11.6099998950958,4,8505.06458829826,8524.27872324761
2011-06-01T05:10:07Z,1306905007,4F0A,55.6770804,25.5899369,392.44,17.5,-0.4,101.8,-57102.42,-63997.2,102.4,Weapon+Missile,Blue,Enemies,R-27ET,,ru,,617.024155486584,601.108947753906,1.82063599747986,392.440002441406,387.440002441406,616.927681034089,-10.9107666015625,0.0807163752250098,NaN,3.64617354500625,4.01144651228983,5000,4.64195823669434,4.64195823669434,4.64195823669434,19035.9404226966,384.852174994202,19420.7925976908,,,12.6099998950958,5,9121.82366973686,9141.17277555047
2011-06-01T05:10:08Z,1306905008,4F0A,55.6824937,25.5887383,393.19,14.4,0.4,105.6,-56560.03,-64135.37,106.2,Weapon+Missile,Blue,Enemies,R-27ET,,ru,,559.712906626441,546.588500976562,1.65154333464552,393.188446044922,384.195159912109,559.71240621983,0.748443603515625,0.154215390623144,NaN,2.73846872506823,3.61029370752252,5000,3.35753178596497,3.35753178596497,3.35753178596497,15663.926892211,385.586147440643,16049.5130396516,,,13.6099998950958,8.9932861328125,9681.45839802484,9700.84247085019
2011-06-01T05:10:09Z,1306905009,4F0A,55.687369,25.587389,395.84,12.6,0.1,108.3,-56071.83,-64289.66,108.9,Weapon+Missile,Blue,Enemies,R-27ET,,ru,,512.008817633719,501.178192138672,1.51082851205934,395.839202880859,384.839202880859,512.001955877979,2.6507568359375,0.0685604969628918,NaN,1.53848645016703,2.7551977793363,5000,1.86675190925598,1.86675190925598,1.86675190925598,13107.651466734,388.185651893158,13495.8371186271,,,14.6099998950958,11,10193.4720710148,10212.8946751513
2011-06-01T05:10:10Z,1306905010,4F0A,55.6917809,25.5860092,392.95,11.6,-1,108.7,-55630.2,-64446.86,109.3,Weapon+Missile,Blue,Enemies,R-27ET,,ru,,468.780152476431,460.049041748047,1.38322448699562,392.945373535156,384.083374023438,468.771220434386,-2.89382934570312,0.118740753537289,NaN,0.769243225083516,1.16463689972003,5000,1.56245601177216,1.56245601177216,1.56245601177216,10987.7415677913,385.347774737854,11373.0893425292,,,15.6099998950958,8.86199951171875,10662.3162919915,10681.7768172234
2011-06-01T05:10:11Z,1306905011,4F0A,55.6958567,25.5848766,378.39,12.3,-3,104.7,-55222.05,-64576.34,105.3,Weapon+Missile,Blue,Enemies,R-27ET,,ru,,428.442773032225,421.645263671875,1.26399241185394,378.389984130859,371.24600982666,428.195458176324,-14.5553894042969,0.114212051369007,NaN,0.984617872634236,4.38552231275309,4017.45610524502,4.21054029464722,4.21054029464722,4.21054029464722,9178.16048817714,371.073813787689,9549.23430196483,,,16.6099998950958,7.14397430419922,11090.521657314,11110.2553690906
2011-06-01T05:10:12Z,1306905012,4F0A,55.6996739,25.5841887,351.8,13.3,-4.8,97.1,-54839.39,-64656.29,97.7,Weapon+Missile,Blue,Enemies,R-27ET,,ru,,391.83353083338,386.607238769531,1.15563886869178,351.803070068359,343.829315185547,390.930494955288,-26.5869140625,0.104716322441567,NaN,1.04615446196147,7.20187355049286,2797.22337523708,5.22471380233765,5.22471380233765,5.22471380233765,7676.67579426765,345.000957708588,8021.67675197624,,,17.6099998950958,7.9737548828125,11481.3635927206,11502.0228654625
2011-06-01T05:10:13Z,1306905013,4F0A,55.7031713,25.5840034,318.18,14.2,-6.1,89.7,-54488.29,-64680.25,90.3,Weapon+Missile,Blue,Enemies,R-27ET,,ru,,353.5129343059,349.411041259766,1.04222177701275,318.175384521484,309.979278564453,351.909893987549,-33.627685546875,0.848408652052061,NaN,0.707694682925239,5.87153071197962,5000,2.33443737030029,2.33443737030029,2.33443737030029,6248.56973607838,312.023463461761,6560.59319954014,,,18.6099998950958,8.19610595703125,11833.1279344876,11855.4092991831
2011-06-01T05:10:14Z,1306905014,4F0A,55.7063873,25.5840168,283.63,13.1,-6.1,89.7,-54165.25,-64681.92,90.3,Weapon+Missile,Blue,Enemies,R-27ET,,ru,,324.885151414758,321.441802978516,0.957446692600911,283.630767822266,275.510955810547,323.043388830192,-34.5446166992188,0.0146575085184543,NaN,0.969231163981489,1.73254663863908,5000,0.996242642402649,0.996242642402649,0.996242642402649,5277.51808048952,278.146766926422,5555.66484741595,,,19.6099998950958,8.11981201171875,12156.0353109241,12180.1743570335
2011-06-01T05:10:15Z,1306905015,4F0A,55.709366,25.5840292,251.65,12.1,-6.1,89.7,-53866.05,-64683.46,90.3,Weapon+Missile,Blue,Enemies,R-27ET,,ru,,300.911138537923,297.991180419922,0.886473309238924,251.652297973633,243.48713684082,299.207103462349,-31.9784698486328,0.0144025186763748,NaN,0.969231163981489,0.0139882274201861,5000,0.994949877262115,0.994949877262115,0.994949877262115,4527.37566480945,246.786600792313,4774.16226560176,,,20.6099998950958,8.1651611328125,12455.1092642514,12480.9655785005
2011-06-01T05:10:16Z,1306905016,4F0A,55.7121754,25.5840408,221.5,11.3,-6.1,89.7,-53583.84,-64684.91,90.3,Weapon+Missile,Blue,Enemies,R-27ET,,ru,,283.817384086073,281.340759277344,0.835830324511163,221.496246337891,213.345062255859,282.210772401062,-30.1560516357422,0.0145901035823439,NaN,0.79809394413765,0.0139882274201861,5000,0.993324637413025,0.993324637413025,0.993324637413025,4027.61537547308,217.213616414948,4244.82899188803,,,21.6099998950958,8.15118408203125,12737.19079168,12764.6648530963
2011-06-01T05:10:17Z,1306905017,4F0A,55.7148245,25.5840518,193.05,10.4,-6.1,89.7,-53317.76,-64686.29,90.3,Weapon+Missile,Blue,Enemies,R-27ET,,ru,,267.605344321867,265.529754638672,0.78783298199882,193.053070068359,184.233885765076,266.089469978286,-28.4431762695312,0.014486045274955,NaN,0.769243225083516,0.0139882274201861,5000,0.994769215583801,0.994769215583801,0.994769215583801,3580.63101548124,189.320388958588,3769.95140443983,,,22.6099998950958,8.81918430328369,13003.1722726691,13032.1714151673
2011-06-01T05:10:18Z,1306905018,4F0A,55.7173304,25.5840621,166.15,9.7,-6.1,89.7,-53066.04,-64687.58,90.3,Weapon+Missile,Blue,Enemies,R-27ET,,ru,,253.151772572033,251.433212280273,0.745054845540111,166.149993896484,156.327218055725,251.718184581195,-26.903076171875,0.0144857415437307,NaN,0.769243225083516,0.0139882274201861,5000,0.994251191616058,0.994251191616058,0.994251191616058,3204.29099781811,162.937483764496,3367.22848158261,,,23.6099998950958,9.82277584075928,13254.7811097107,13285.2215045777
2011-06-01T05:10:19Z,1306905019,4F0A,55.7197119,25.5840718,140.58,8.9,-6.1,89.7,-52826.82,-64688.81,90.3,Weapon+Missile,Blue,Enemies,R-27ET,,ru,,240.58443604697,239.183227539062,0.707863179151431,140.581527709961,127.040451049805,239.221914558234,-25.5684661865234,0.0146537984553888,NaN,0.769243225083516,0.0139882274201861,5000,0.994550406932831,0.994550406932831,0.994550406932831,2894.04354340193,137.863383871689,3031.90692727362,,,24.6099998950958,13.5410766601562,13493.8963064356,13525.7055445059
2011-06-01T05:10:20Z,1306905020,4F0A,55.7219652,25.584081,116.39,8.2,-6.1,89.7,-52600.48,-64689.98,90.3,Weapon+Missile,Blue,Enemies,R-27ET,,ru,,227.631798655819,226.518890380859,0.669570141046091,116.391532897949,101.069435119629,226.342837108397,-24.1899948120117,0.0143594553855773,NaN,0.769243225083516,0.0139882274201861,5000,0.994580149650574,0.994580149650574,0.994580149650574,2590.81178796417,114.141102609367,2704.95289057354,,,25.6099998950958,15.3220977783203,13720.1433256741,13753.2465999665
2011-06-01T05:10:21Z,1306905021,4F0A,55.7241285,25.5840898,93.17,7.7,-6.1,89.7,-52383.19,-64691.1,90.3,Weapon+Missile,Blue,Enemies,R-27ET,,ru,,218.533052437306,217.669982910156,0.642638069921303,93.170768737793,77.2631759643555,217.295860796714,-23.2207641601562,0.0148994976064513,NaN,0.569255286185543,0.0139882274201861,5000,0.993590116500854,0.993590116500854,0.993590116500854,2387.83475037832,91.3693119242477,2479.20406230257,,,26.6099998950958,15.9075927734375,13937.3576128204,13971.702088959
2011-06-01T05:10:22Z,1306905022,4F0A,55.7261947,25.5840982,70.98,7.1,-6.1,89.7,-52175.65,-64692.16,90.3,Weapon+Missile,Blue,Enemies,R-27ET,,ru,,208.728143808547,208.094482421875,0.613651253188814,70.984619140625,56.4190673828125,207.545688425015,-22.186149597168,0.0150746054391493,NaN,0.569255286185543,0.0139882274201861,5000,0.995017230510712,0.995017230510712,0.995017230510712,2178.37190088807,69.612131529541,2247.98403241761,,,27.6099998950958,14.5655517578125,14144.8077674842,14180.3378949129
2011-06-01T05:10:23Z,1306905023,4F0A,55.7281764,25.5841061,49.71,6.5,-6.1,89.7,-51976.59,-64693.19,90.3,Weapon+Missile,Blue,Enemies,R-27ET,,ru,,200.19074732794,199.762268066406,0.588410536073956,49.7123069763184,36.6394920349121,199.057338600975,-21.2723121643066,0.0141850569104226,NaN,0.569255286185543,0.0139882274201861,5000,0.993567943572998,0.993567943572998,0.993567943572998,2003.81676578595,48.7511195209312,2052.56788530688,,,28.6099998950958,13.0728149414062,14343.783658973,14380.449528437
2011-06-01T05:10:24Z,1306905024,4F0A,55.7300625,25.5841137,29.46,6,-6.1,89.7,-51787.13,-64694.16,90.3,Weapon+Missile,Blue,Enemies,R-27ET,,ru,,190.543039687206,190.300369262695,0.559925677932797,29.457691192627,17.3988609313965,189.463454293157,-20.2546157836914,0.0144425615189205,NaN,0.569255286185543,0.0139882274201861,5000,0.99478805065155,0.99478805065155,0.99478805065155,1815.33249866201,28.8881267334175,1844.22062539543,,,29.6099998950958,12.0588302612305,14533.1630383509,14570.9101384638
2011-06-01T05:10:25Z,1306905025,4F0A,55.7318775,25.584121,9.97,5.6,-6.1,89.7,-51604.83,-64695.1,90.3,Weapon+Missile,Blue,Enemies,R-27ET,,ru,,183.345461200147,183.267593383789,0.538656769621609,9.97230815887451,-1.08262348175049,182.307098026168,-19.4853830337524,0.0144327883280198,NaN,0.523083207396256,0.0139882274201861,5000,0.994568407535553,0.994568407535553,0.994568407535553,1680.77790713474,9.77949358062267,1690.55740071536,,,30.6099998950958,11.054931640625,14715.3965692378,14754.1830094296
2011-06-01T05:10:26Z,1306905026,4F0A,55.7336263,25.584128,-8.8,5.2,-6.1,89.7,-51429.16,-64696.01,90.3,Weapon+Missile,Blue,Enemies,R-27ET,,ru,,176.670656721193,176.742034912109,0.518936916476168,-8.80153846740723,-21.2005252838135,175.670326547059,-18.7738466262817,0.0147049305510353,NaN,0.384621612541758,0.0139882274201861,5000,0.994498729705811,0.994498729705811,0.994498729705811,1560.62604731488,-8.63136072113991,1551.99468659374,,,31.6099998950958,12.3989868164062,14890.985565051,14930.772812157
2011-06-01T05:10:27Z,1306905027,4F0A,55.7353024,25.5841347,-26.79,4.8,-6.1,89.7,-51260.8,-64696.88,90.3,Weapon+Missile,Blue,Enemies,R-27ET,,ru,,169.316203776676,169.520843505859,0.497233884973806,-26.7923069000244,-40.2191925048828,168.35768207168,-17.9907684326172,0.014395854037026,NaN,0.399975877795947,0.0139882274201861,5000,0.994090557098389,0.994090557098389,0.994090557098389,1433.39884306724,-26.2742776461124,1407.12456542113,,,32.6099998950958,13.4268856048584,15059.2780790322,15100.0237499834
