ISOTime,UnixTime,Id,Longitude,Latitude,Altitude,Roll,Pitch,Yaw,U,V,Heading,Type,Color,Coalition,Name,Group,Country,Pilot,TAS,CAS,M,ASL,AGL,GS,VS,AOA,AOS,RRT,TRT,TRD,G,LatG,LonG,Ek,Ep,Em,FFW,FFV,RelativeTime,Elev,GroundDistance,AirDistance
2011-06-01T05:03:00Z,1306904580,B004,55.5665253,25.4873551,673.35,-23.8,-0.6,46.4,-68329.25,-75243.62,47,Weapon+Missile,Blue,Enemies,R-27ET,,cn,,279.682744133578,272.229888916016,0.827898542702762,673.348449707031,664.1796875,NaN,NaN,NaN,NaN,NaN,NaN,NaN,NaN,NaN,NaN,NaN,660.329257431946,NaN,,,0.139999866485596,9.16876220703125,NaN,NaN
2011-06-01T05:03:01Z,1306904581,B004,55.5694874,25.4898928,655.77,-19.2,-1.8,47.3,-68028.46,-74965.75,47.9,Weapon+Missile,Blue,Enemies,R-27ET,,cn,,409.875242358963,399.686340332031,1.21304200238489,655.76611328125,647.76611328125,409.497955727045,-17.5823364257812,1.71905624540394,NaN,4.26154626846772,8.33836548664599,4313.52383684773,5.84576559066772,5.84576559066772,5.84576559066772,8399.88571494091,643.086875480957,9042.97259042187,,,1.1399998664856,8,410.361570828579,410.780781799279
2011-06-01T05:03:02Z,1306904582,B004,55.5744829,25.4934298,619.37,-15.9,-3.1,56.4,-67522.09,-74579.41,57,Weapon+Missile,Blue,Enemies,R-27ET,,cn,,637.966935825419,615.240295410156,1.88730344880294,619.369995117188,612.369995117188,636.927887432371,-36.3961181640625,0.53542340183975,NaN,3.18460643636971,8.07543083967539,3481.47914987942,14.1866226196289,14.1866226196289,14.1866226196289,20350.0905603237,607.394476261597,20957.4850365853,,,2.1399998664856,7,1048.32041851145,1049.84066926366
2011-06-01T05:03:03Z,1306904583,B004,55.5819507,25.4969497,564.47,-13.9,-4.1,69.3,-66767.25,-74197.57,69.9,Weapon+Missile,Blue,Enemies,R-27ET,,cn,,847.696770164868,815.219177246094,2.50617838741433,564.471557617188,553.1298828125,845.917239278174,-54.8984375,0.595359806592161,NaN,1.44615936806138,11.1324382432919,4652.93197869787,15.9158601760864,15.9158601760864,15.9158601760864,35929.4907073975,553.557500050659,36483.0482074481,,,3.1399998664856,11.3416748046875,1894.82567519073,1898.20261823049
2011-06-01T05:03:04Z,1306904584,B004,55.590284,25.4992601,500.81,-12.3,-4,74.7,-65926.88,-73950.57,75.3,Weapon+Missile,Blue,Enemies,R-27ET,,cn,,878.232057205885,846.650695800781,2.5945714391167,500.813049316406,486.925048828125,875.921880435122,-63.6585083007812,0.123820646153831,NaN,1.53846937469411,6.31077975061632,5000,3.6673789024353,3.6673789024353,3.6673789024353,38564.577315204,491.129829007873,39055.7071442119,,,4.1399998664856,13.8880004882812,2770.74387217719,2776.50395775368
2011-06-01T05:03:05Z,1306904585,B004,55.5984771,25.5012581,449.44,-11.3,-3.1,74.9,-65101,-73737.98,75.5,Weapon+Missile,Blue,Enemies,R-27ET,,cn,,854.348627302834,825.745422363281,2.52253673028417,449.436920166016,439.946441650391,852.802480254226,-51.3761291503906,0.0608491532711117,NaN,1.38464156175437,0.686509250388857,5000,1.74487805366516,1.74487805366516,1.74487805366516,36495.5788487118,440.747057314606,36936.3259060264,,,5.1399998664856,9.490478515625,3623.46098709899,3630.83078049607
2011-06-01T05:03:06Z,1306904586,B004,55.6064355,25.5032622,405.19,-9.9,-2.9,73.8,-64298.73,-73524.41,74.4,Weapon+Missile,Blue,Enemies,R-27ET,,cn,,831.382461130954,805.361450195312,2.45349253373476,405.190765380859,397.190765380859,830.204236596568,-44.2461547851562,0.0553158136260568,NaN,1.21536727600665,1.22743632699177,5000,3.2790265083313,3.2790265083313,3.2790265083313,34559.8398338081,397.35640193222,34957.1962357404,,,6.1399998664856,8,4453.61003130956,4462.21366584222
2011-06-01T05:03:07Z,1306904587,B004,55.614189,25.5054431,372.57,-9.4,-1.5,71.5,-63516.87,-73291,72.2,Weapon+Missile,Blue,Enemies,R-27ET,,cn,,816.609100027928,792.348999023438,2.40900192584339,372.568450927734,366.581431388855,815.957233467628,-32.622314453125,0.0868404660086275,NaN,0.199987938897973,2.53406656297573,5000,5.00433492660522,5.00433492660522,5.00433492660522,33342.5211124212,365.364839929047,33707.8859523502,,,7.1399998664856,5.98701953887939,5269.57781664389,5278.8830197453
2011-06-01T05:03:08Z,1306904588,B004,55.6216337,25.5079026,360.31,-8.7,-0.5,68.1,-62765.78,-73026.38,68.7,Weapon+Missile,Blue,Enemies,R-27ET,,cn,,796.437427724803,773.424560546875,2.34916840482801,360.3115234375,354.847300052643,796.343106964203,-12.2569274902344,0.043489690194258,NaN,0.969239701717952,3.53713256311475,5000,5.88544416427612,5.88544416427612,5.88544416427612,31715.628814045,353.344900131836,32068.9737141769,,,8.1399998664856,5.46422338485718,6066.0750693712,6075.52033033125
2011-06-01T05:03:09Z,1306904589,B004,55.628725,25.5107693,355.47,-7.7,-0.2,63.6,-62049.77,-72716.24,64.2,Weapon+Missile,Blue,Enemies,R-27ET,,cn,,780.310308317262,758.122497558594,2.30147342311902,355.469970703125,343.433704376221,780.295288101435,-4.841552734375,0.038843887170692,NaN,0.969227748886904,4.40873086866597,5000,6.44008636474609,6.44008636474609,6.44008636474609,30444.208863309,348.59695881958,30792.8058221286,,,9.1399998664856,12.0362663269043,6846.72200922399,6856.22608654156
2011-06-01T05:03:10Z,1306904590,B004,55.6354048,25.5140687,355.78,-6.7,0.1,59.5,-61374.65,-72357.71,60.1,Weapon+Missile,Blue,Enemies,R-27ET,,cn,,764.413481174868,742.876098632812,2.25459472214978,355.779998779297,342.779998779297,764.413418304828,0.310028076171875,0.142763951324772,NaN,0.969227748886904,3.96037505343153,5000,4.56550455093384,4.56550455093384,4.56550455093384,29216.398510094,348.900992502899,29565.2995025969,,,10.1399998664856,13,7611.74648384522,7621.29327935226
2011-06-01T05:03:11Z,1306904591,B004,55.6413981,25.5174556,357.16,-5.6,0,56.4,-60768.47,-71988.75,57,Weapon+Missile,Blue,Enemies,R-27ET,,cn,,709.63927744435,690.402099609375,2.0930741770126,357.164611816406,342.181793212891,709.637926648849,1.38461303710938,0.0855469076864311,NaN,1.30770631094335,3.29862491861885,5000,4.0021333694458,4.0021333694458,4.0021333694458,25179.395204587,350.258834046936,25529.6540386339,,,11.1399998664856,14.9828186035156,8322.15449739749,8331.74234666749
2011-06-01T05:03:12Z,1306904592,B004,55.6465683,25.5207649,355.34,-4.5,-0.4,53.3,-60245.12,-71627.53,53.9,Weapon+Missile,Blue,Enemies,R-27ET,,cn,,635.901711658399,620.025390625,1.87554714093578,355.34228515625,341.152465820312,635.899100499148,-1.82232666015625,0.122671230975411,NaN,1.06152921778316,2.82558970892245,5000,2.50712323188782,2.50712323188782,2.50712323188782,20218.5493445041,348.471742072754,20567.0210865768,,,12.1399998664856,14.1898193359375,8958.92680435171,8968.55282823212
2011-06-01T05:03:13Z,1306904593,B004,55.6511681,25.5239575,349.87,-3.6,-0.6,52.1,-59779.28,-71278.64,52.6,Weapon+Missile,Blue,Enemies,R-27ET,,cn,,582.035197832355,568.799072265625,1.71656511197226,349.873840332031,339.873840332031,582.00950819291,-5.46844482421875,0.0631824981919469,NaN,0.769238956215285,1.47848878783717,5000,1.24907207489014,1.24907207489014,1.24907207489014,16938.2485757874,343.109029629211,17281.3576054166,,,13.1399998664856,10,9541.86640208285,9551.55030035224
2011-06-01T05:03:14Z,1306904594,B004,55.6552917,25.5269052,344.35,-3,-0.6,51.5,-59361.58,-70956.34,52.1,Weapon+Missile,Blue,Enemies,R-27ET,,cn,,527.618926413335,517.057678222656,1.55598050809942,344.346160888672,333.596607208252,527.589969834086,-5.52767944335938,0.0270150838934133,NaN,0.569200644672183,0.577945421243915,5000,1.09924030303955,1.09924030303955,1.09924030303955,13919.086575478,337.688227867889,14256.7748033459,,,14.1399998664856,10.7495536804199,10070.3235452673,10080.065110643
2011-06-01T05:03:15Z,1306904595,B004,55.6590421,25.529628,339.57,-2.6,-0.5,51.1,-58981.64,-70658.59,51.7,Weapon+Missile,Blue,Enemies,R-27ET,,cn,,482.735306425936,474.315551757812,1.423538755743,339.56689453125,326.095702171326,482.711647552892,-4.77926635742188,0.0272004434956493,NaN,0.492278200465853,0.407226657208444,5000,1.13040828704834,1.13040828704834,1.13040828704834,11651.6688035071,333.001368625488,11984.6701721326,,,15.1399998664856,13.4711923599243,10553.8540566552,10563.645163509
2011-06-01T05:03:16Z,1306904596,B004,55.6624766,25.5321583,335.88,-2.3,-0.4,50.7,-58633.69,-70381.84,51.3,Weapon+Missile,Blue,Enemies,R-27ET,,cn,,444.608972878191,437.856292724609,1.31105311234891,335.880004882812,320.880004882812,444.593685974644,-3.6868896484375,0.0197113161359979,NaN,0.230755379787942,0.406023610099596,5000,1.09368503093719,1.09368503093719,1.09368503093719,9883.85693819001,329.385764988403,10213.2427031784,,,16.1399998664856,15,10999.2294428258,11009.0593916486
2011-06-01T05:03:17Z,1306904597,B004,55.6656456,25.534527,332.89,-1.9,-0.4,50.3,-58312.61,-70122.69,50.9,Weapon+Missile,Blue,Enemies,R-27ET,,cn,,412.620316114399,407.062438964844,1.21668434809832,332.886901855469,313.679138183594,412.6094601492,-2.99310302734375,0,NaN,0.199987938897973,0.403485501131849,5000,1.0457249879837,1.0457249879837,1.0457249879837,8512.77626351733,326.450533608093,8839.22679712542,,,17.1399998664856,19.207763671875,11412.568694117,11422.4311491035
2011-06-01T05:03:18Z,1306904598,B004,55.6685243,25.5367096,330.21,-1.5,-0.4,49.8,-58020.91,-69883.84,50.4,Weapon+Missile,Blue,Enemies,R-27ET,,cn,,377.023191166125,372.426879882812,1.11168615309076,330.211517333984,311.032745361328,377.013698683153,-2.67538452148438,0.0326343974586965,NaN,0.307703223760248,0.419767124648426,5000,1.00792741775513,1.00792741775513,1.00792741775513,7107.32433385444,323.826877646332,7431.15121150077,,,18.1399998664856,19.1787719726562,11790.2538670125,11800.1454299968
2011-06-01T05:03:19Z,1306904599,B004,55.6711728,25.5387492,327.4,-1.2,-0.5,49.5,-57752.52,-69660.62,50.1,Weapon+Missile,Blue,Enemies,R-27ET,,cn,,349.095019479731,344.91552734375,1.0293046513173,327.400756835938,309.491394042969,349.0837037889,-2.81076049804688,0.0541086418568472,NaN,0.399975877795947,0.432509616277451,5000,0.873708307743073,0.873708307743073,0.873708307743073,6093.3666312777,321.070463202515,6414.43709448021,,,19.1399998664856,17.9093627929688,12139.9889199264,12149.9098065104
2011-06-01T05:03:20Z,1306904600,B004,55.6735967,25.5406383,323.37,-0.9,-0.8,49.6,-57506.88,-69453.81,50.2,Weapon+Missile,Blue,Enemies,R-27ET,,cn,,321.13481337223,317.234558105469,0.946820866874316,323.371520996094,304.371520996094,321.109535233951,-4.02923583984375,0.194870837782337,NaN,0.199987938897973,0.897139050900534,5000,1.28617882728577,1.28617882728577,1.28617882728577,5156.37841798086,317.119132637634,5473.49755061849,,,20.1399998664856,19,12461.7017672661,12471.6642957575
2011-06-01T05:03:21Z,1306904601,B004,55.6759207,25.5423352,317.89,-0.6,-1.2,52.4,-57271.49,-69268.21,53,Weapon+Missile,Blue,Enemies,R-27ET,,cn,,299.808096309519,296.12744140625,0.8838870805247,317.889984130859,297.784271240234,299.757981322154,-5.48153686523438,0.211124834871259,NaN,0.200042580411333,1.46692442379869,5000,1.10573816299438,1.10573816299438,1.10573816299438,4494.2447306369,311.743581287689,4805.98831192459,,,21.1399998664856,20.105712890625,12761.9840413505,12772.0116901043
2011-06-01T05:03:22Z,1306904602,B004,55.6781175,25.5438808,312.39,-0.6,-1,51.8,-57049.05,-69099.22,52.4,Weapon+Missile,Blue,Enemies,R-27ET,,cn,,279.401644893237,275.943634033203,0.82367391545127,312.39306640625,291.39306640625,279.347566777617,-5.49691772460938,0.0519336747492506,NaN,0,0.0523391626455858,5000,1.15653681755066,1.15653681755066,1.15653681755066,3903.26395845232,306.352946467285,4209.6169049196,,,22.1399998664856,21,13041.7851017731,13051.8805632165
2011-06-01T05:03:23Z,1306904603,B004,55.6801528,25.545358,307.98,-0.5,-0.9,50.8,-56842.92,-68937.65,51.4,Weapon+Missile,Blue,Enemies,R-27ET,,cn,,261.944989640954,258.681304931641,0.77217318480853,307.97998046875,284.51452255249,261.907812541947,-4.4130859375,0.0184587727036122,NaN,0.199987938897973,1.00252993701089,5000,1.16223633289337,1.16223633289337,1.16223633289337,3430.75887989998,302.025187546387,3732.78406744637,,,23.1399998664856,23.4654579162598,13304.1380052351,13314.2833378604
2011-06-01T05:03:24Z,1306904604,B004,55.6820519,25.5467898,304.34,-0.5,-0.8,49.7,-56650.53,-68780.96,50.3,Weapon+Missile,Blue,Enemies,R-27ET,,cn,,248.149971830574,245.045852661133,0.73147738268215,304.335357666016,282.335357666016,248.123205775156,-3.64462280273438,0.0432353604030027,NaN,0,1.07583889098116,5000,1.14042091369629,1.14042091369629,1.14042091369629,3078.92042597574,298.451033525543,3377.37145950129,,,24.1399998664856,22,13552.7039689028,13562.8879500721
2011-06-01T05:03:25Z,1306904605,B004,55.6838213,25.5481762,301.26,-0.4,-0.7,48.7,-56471.23,-68629.17,49.2,Weapon+Missile,Blue,Enemies,R-27ET,,cn,,234.939858817558,231.98796081543,0.692513492903009,301.261535644531,279.261535644531,234.919749870875,-3.07382202148438,0.0248622840955209,NaN,0.199987938897973,1.07087003508169,5000,1.10846269130707,1.10846269130707,1.10846269130707,2759.83686306071,295.436643852844,3055.27350691356,,,25.1399998664856,22,13788.0762576463,13798.2914823166
2011-06-01T05:03:26Z,1306904606,B004,55.6854772,25.5495229,298.54,-0.4,-0.7,47.6,-56303.38,-68481.66,48.2,Weapon+Missile,Blue,Enemies,R-27ET,,cn,,223.478751066356,220.662048339844,0.658710145571911,298.536163330078,275.718389511108,223.462132192293,-2.72537231445312,0.0294528611290233,NaN,0,1.06569445923811,5000,1.08894467353821,1.08894467353821,1.08894467353821,2497.13760890891,292.763966612091,2789.901575521,,,26.1399998664856,22.8177738189697,14011.9842838535,14022.2266216401
2011-06-01T05:03:27Z,1306904607,B004,55.6870162,25.5508207,296.08,-0.3,-0.7,46.5,-56147.34,-68339.45,47.1,Weapon+Missile,Blue,Enemies,R-27ET,,cn,,211.135391870961,208.462829589844,0.622310432394963,296.083831787109,273.090270996094,211.121149510199,-2.45233154296875,0.0466344771577752,NaN,0,1.01922836214939,5000,1.05961728096008,1.05961728096008,1.05961728096008,2228.90768502522,290.359050899506,2519.26673592473,,,27.1399998664856,22.9935607910156,14223.5527540716,14233.8191654825
2011-06-01T05:03:28Z,1306904608,B004,55.6884648,25.5520859,293.68,-0.2,-0.7,45.6,-56000.4,-68200.77,46.2,Weapon+Missile,Blue,Enemies,R-27ET,,cn,,202.060515873729,199.500717163086,0.595546500387179,293.682281494141,270.840972900391,202.046243794206,-2.40155029296875,0.0251938631804414,NaN,0.200042580411333,0.973108790439353,5000,1.03589642047882,1.03589642047882,1.03589642047882,2041.42260375787,288.003934581451,2329.42653833932,,,28.1399998664856,22.84130859375,14426.0497964093,14436.3398096016
2011-06-01T05:03:29Z,1306904609,B004,55.6898232,25.5533129,291.18,-0.1,-0.8,44.6,-55862.58,-68066.21,45.2,Weapon+Missile,Blue,Enemies,R-27ET,,cn,,192.630957713546,190.189727783203,0.567738032565589,291.180755615234,270.944793701172,192.614714489613,-2.50152587890625,0.047279367327873,NaN,0.199987938897973,0.970490693553122,5000,1.02156686782837,1.02156686782837,1.02156686782837,1855.33429348189,285.550775705414,2140.88506918731,,,29.1399998664856,20.2359619140625,14619.0969067603,14629.4119770805
2011-06-01T05:03:30Z,1306904610,B004,55.6910974,25.5545017,288.55,0,-0.9,43.7,-55733.27,-67935.81,44.3,Weapon+Missile,Blue,Enemies,R-27ET,,cn,,183.666629071245,181.341400146484,0.541301445344676,288.545379638672,270.137331008911,183.647720998265,-2.6353759765625,0.0372584399060522,NaN,0.199987938897973,0.9246926743426,5000,1.01546597480774,1.01546597480774,1.01546597480774,1686.67153171971,282.966354723358,1969.63788644307,,,30.1399998664856,18.4080486297607,14803.1861000031,14813.528398382
2011-06-01T05:03:31Z,1306904611,B004,55.6922989,25.5556581,285.78,0,-1,42.8,-55611.29,-67808.92,43.4,Weapon+Missile,Blue,Enemies,R-27ET,,cn,,176.031689262048,173.809631347656,0.518783529636985,285.78076171875,268.730165481567,176.009978444993,-2.76461791992188,0,NaN,0,0.874941416345668,5000,1.00237786769867,1.00237786769867,1.00237786769867,1549.35778122251,280.255190690918,1829.61297191343,,,31.1399998664856,17.0505962371826,14979.6278493198,14989.9997483613
2011-06-01T05:03:32Z,1306904612,B004,55.6934237,25.5567733,282.85,0.1,-1.1,42,-55497.07,-67686.52,42.6,Weapon+Missile,Blue,Enemies,R-27ET,,cn,,167.444963553086,165.33772277832,0.49346116019885,282.847686767578,266.975494384766,167.419272757425,-2.93307495117188,0.056568245974605,NaN,0,0.825333965847277,5000,0.951564729213715,0.951564729213715,0.951564729213715,1401.89079096471,277.378826743927,1679.26961770864,,,32.1399998664856,15.8721923828125,15147.4714297739,15157.8764353913
2011-06-01T05:03:33Z,1306904613,B004,55.6944935,25.557863,279.29,0.8,-2.3,41.5,-55388.41,-67566.89,42.1,Weapon+Missile,Blue,Enemies,R-27ET,,cn,,161.649908456228,159.631637573242,0.476363884292603,279.287658691406,264.287658691406,161.610702318887,-3.56002807617188,0.0367921334917736,NaN,1.35384626649919,1.51627115316986,3504.05371119527,0.268165946006775,0.268165946006775,0.268165946006775,1306.53464519535,273.887631810608,1580.42227700596,,,33.1399998664856,15,15309.5126754122,15319.9639220294
2011-06-01T05:03:34Z,1306904614,B004,55.6955056,25.5589004,268.83,2.4,-5.6,41.5,-55285.59,-67453,42.1,Weapon+Missile,Blue,Enemies,R-27ET,,cn,,153.793595410742,151.933929443359,0.453158520128606,268.829223632812,254.509460449219,153.437580551468,-10.4584350585938,0.0446876836800125,NaN,1.61538456182444,3.11579377458571,2551.10275583368,0.0622210502624512,0.0622210502624512,0.0622210502624512,1182.62349946816,263.631410593872,1446.25491006203,,,34.1399998664856,14.3197631835938,15463.353428304,15474.166353991
2011-06-01T05:03:35Z,1306904615,B004,55.6964864,25.5599047,249.65,3.7,-9.1,41.5,-55185.96,-67342.73,42.1,Weapon+Missile,Blue,Enemies,R-27ET,,cn,,149.840619801357,148.152786254883,0.441415033882651,249.651519775391,235.561680793762,148.608300633618,-19.1777038574219,0.0535618075439265,NaN,1.27692307524092,3.48503465489025,2472.77696484065,0.0814346000552177,0.0814346000552177,0.0814346000552177,1122.61056712274,244.824507640533,1367.43507476328,,,35.1399998664856,14.0898389816284,15612.3553359335,15624.4033587915
2011-06-01T05:03:36Z,1306904616,B004,55.6974188,25.5608575,222.67,4.8,-12.6,41.6,-55091.26,-67238.12,42.2,Weapon+Missile,Blue,Enemies,R-27ET,,cn,,143.666142977675,142.216262817383,0.423096402091062,222.669998168945,208.792582511902,141.109737898852,-26.9815216064453,0.0322728559810796,NaN,0.969231163981489,3.54653453195069,2363.2983398278,0.0959093272686005,0.0959093272686005,0.0959093272686005,1031.99803190409,218.364673754349,1250.36270565844,,,36.1399998664856,13.8774156570435,15753.8361372361,15768.4391251218
2011-06-01T05:03:37Z,1306904617,B004,55.6983246,25.5617804,187.77,5.8,-16.1,41.7,-54999.26,-67136.8,42.3,Weapon+Missile,Blue,Enemies,R-27ET,,cn,,141.231134298667,140.026809692383,0.415761120797921,187.769989013672,173.914609909058,136.851096657097,-34.9000091552734,0.0891728455237299,NaN,0.799999566916084,3.4975215213535,2339.12936041486,0.10435539484024,0.10435539484024,0.10435539484024,997.311664764409,184.139456276093,1181.4511210405,,,37.1399998664856,13.8553791046143,15891.0512898402,15910.0273321325
2011-06-01T05:03:38Z,1306904618,B004,55.6991993,25.5626675,145.54,6.5,-19.5,41.9,-54910.43,-67039.41,42.4,Weapon+Missile,Blue,Enemies,R-27ET,,cn,,138.420592165307,137.503952026367,0.407292879007159,145.538452148438,132.498474121094,131.82093016435,-42.2315368652344,0.0137781161289155,NaN,0.769230418478822,3.39963679969758,2322.90022320289,0.116439171135426,0.116439171135426,0.116439171135426,958.013016769709,142.724466176147,1100.73748294586,,,38.1399998664856,13.0399780273438,16023.2170818371,16048.7796730978
2011-06-01T05:03:39Z,1306904619,B004,55.7000442,25.5635192,96.38,7.1,-22.9,42.1,-54824.62,-66945.91,42.6,Weapon+Missile,Blue,Enemies,R-27ET,,cn,,136.101454740966,135.504104614258,0.400246738861942,96.3776931762695,82.5885801315308,126.912669816247,-49.160758972168,0.0755257595171735,NaN,0.569230526749801,3.35500919743436,2321.16227090977,0.121852278709412,0.121852278709412,0.121852278709412,926.180299130364,94.5142304787064,1020.69452960907,,,39.1399998664856,13.7891130447388,16150.4578549622,16185.189381887
2011-06-01T05:03:40Z,1306904620,B004,55.7008664,25.5643416,40.27,7.5,-26.2,42.3,-54741.13,-66855.63,42.9,Weapon+Missile,Blue,Enemies,R-27ET,,cn,,135.158226818103,134.911178588867,0.397221453908027,40.269229888916,26.4705190658569,122.961728290332,-56.1084632873535,0.0665012518085787,NaN,0.399999783458042,3.26185907753373,2369.6670568624,0.134774506092072,0.134774506092072,0.134774506092072,913.38731383069,39.4906243290138,952.877938159704,,,40.1399998664856,13.7987108230591,16273.7352562493,16320.6360611134
