ISOTime,UnixTime,Id,Longitude,Latitude,Altitude,Roll,Pitch,Yaw,U,V,Heading,Type,Color,Coalition,Name,Group,Country,Pilot,TAS,CAS,M,ASL,AGL,GS,VS,AOA,AOS,RRT,TRT,TRD,G,LatG,LonG,Ek,Ep,Em,FFW,FFV,RelativeTime,Elev,GroundDistance,AirDistance
2011-06-01T05:04:09Z,1306904649,3012002,55.8436907,25.8464503,1449.95,0,0,359.5,-40119.66,-35743.84,0,Weapon+Missile,Violet,Neutral,R-73 (AA-11),,,,251.603721389783,236.743850708008,0.751483855660196,1449.95153808594,1449.95153808594,NaN,NaN,NaN,NaN,NaN,NaN,NaN,NaN,NaN,NaN,NaN,1421.91672509705,NaN,,,0.25,0,NaN,NaN
2011-06-01T05:04:10Z,1306904650,3012002,55.8450966,25.8481839,1458.79,0,0,359.5,-39977.09,-35553.08,0,Weapon+Missile,Violet,Neutral,R-73 (AA-11),,,,238.315935875491,223.954238891602,0.711869487811672,1458.79223632812,1458.79223632812,238.151899733766,8.8406982421875,36.7854239616625,NaN,0,2.45447003827493,5000,0.570416629314423,0.570416629314423,0.570416629314423,2839.72426461056,1430.58648843872,4270.31075304928,,,1.25,0,238.911785742441,239.129741009231
2011-06-01T05:04:11Z,1306904651,3012002,55.8464471,25.8498493,1457.86,0,0,359.5,-39840.12,-35369.8,0,Weapon+Missile,Violet,Neutral,R-73 (AA-11),,,,228.806891543886,214.892074584961,0.683457794354597,1457.86376953125,1457.86376953125,228.805007741052,-0.928466796875,36.7977767924003,NaN,0,0.0197823405926261,5000,0.585141897201538,0.585141897201538,0.585141897201538,2617.62968089879,1429.67597354736,4047.30565444615,,,2.25,0,468.425319297889,468.697629204356
2011-06-01T05:04:12Z,1306904652,3012002,55.8477412,25.851445,1447.13,0,0,359.5,-39708.88,-35194.21,0,Weapon+Missile,Violet,Neutral,R-73 (AA-11),,,,219.480899415062,206.107452392578,0.655518664299344,1447.13000488281,1447.13000488281,219.218273655543,-10.7337646484375,36.9777206906916,NaN,0,0.0197823405926261,4475.71262607067,0.65367192029953,0.65367192029953,0.65367192029953,2408.59326040223,1419.1497462384,3827.74300664064,,,3.25,0,688.33657082882,688.920700885031
2011-06-01T05:04:13Z,1306904653,3012002,55.8489721,25.8529629,1426.64,0,0,359.5,-39584.05,-35027.18,0,Weapon+Missile,Violet,Neutral,R-73 (AA-11),,,,209.526762103727,196.818099975586,0.62563964129911,1426.63696289062,1426.63696289062,208.52217931812,-20.4930419921875,37.35700355749,NaN,0,0.0197823405926261,3951.48735043297,0.545349419116974,0.545349419116974,0.545349419116974,2195.07320188358,1399.05293721313,3594.12613909672,,,4.25,0,897.519637945643,899.152092911997
2011-06-01T05:04:14Z,1306904654,3012002,55.8501503,25.8544156,1396.27,0,0,359.5,-39464.57,-34867.32,0,Weapon+Missile,Violet,Neutral,R-73 (AA-11),,,,201.87276334413,189.801177978516,0.602572225242068,1396.27233886719,1396.27233886719,199.576056149305,-30.3646240234375,37.9843365185202,NaN,0,0.0197823405926261,3503.01348247532,0.61583799123764,0.61583799123764,0.61583799123764,2037.63062900975,1369.27541319519,3406.90604220494,,,5.25,0,1097.71850239665,1101.68440284431
2011-06-01T05:04:15Z,1306904655,3012002,55.8512691,25.855795,1356.16,0,0,359.5,-39351.13,-34715.52,0,Weapon+Missile,Violet,Neutral,R-73 (AA-11),,,,193.70238268086,182.365615844727,0.577914878422696,1356.15539550781,1356.15539550781,189.50262244028,-40.116943359375,38.8974015242017,NaN,0,0.0197823405926261,3105.36286240807,0.616270244121552,0.616270244121552,0.616270244121552,1876.03065281212,1329.93413093567,3205.96478374779,,,6.25,0,1287.82564455232,1296.01837447772
2011-06-01T05:04:16Z,1306904656,3012002,55.852328,25.8571008,1306.32,0,0,359.5,-39243.73,-34571.83,0,Weapon+Missile,Violet,Neutral,R-73 (AA-11),,,,186.187214836275,175.618026733398,0.55517191668672,1306.31530761719,1306.31530761719,179.392431856932,-49.840087890625,40.151984099755,NaN,0,0.0197823405926261,2776.84621405432,0.553010940551758,0.553010940551758,0.553010940551758,1733.28394842446,1281.05770114441,3014.34164956887,,,7.25,0,1467.77721999477,1482.78058414435
2011-06-01T05:04:17Z,1306904657,3012002,55.8533338,25.8583407,1246.43,0,0,359.5,-39141.75,-34435.38,0,Weapon+Missile,Violet,Neutral,R-73 (AA-11),,,,180.570283386132,170.738388061523,0.53804968042258,1246.43078613281,1246.43078613281,170.351023855847,-59.884521484375,41.7668939453775,NaN,0,0.0197823405926261,2518.6729929322,0.611058115959167,0.611058115959167,0.611058115959167,1630.2813621074,1222.33104688293,2852.61240899033,,,8.25,0,1638.66517351154,1663.88977122417
2011-06-01T05:04:18Z,1306904658,3012002,55.8542803,25.8595078,1176.79,0,0,359.5,-39045.76,-34306.95,0,Weapon+Missile,Violet,Neutral,R-73 (AA-11),,,,174.806296709549,165.771743774414,0.520454843058802,1176.79382324219,1176.79382324219,160.336941372463,-69.636962890625,43.7504697031957,NaN,0,0.0197823405926261,2297.10504337464,0.622391223907471,0.622391223907471,0.622391223907471,1527.86206846535,1154.0405146698,2681.90258313515,,,9.25,0,1799.50325631458,1839.18388035182
2011-06-01T05:04:19Z,1306904659,3012002,55.8551669,25.8606008,1097.51,0,0,359.5,-38955.88,-34186.68,0,Weapon+Missile,Violet,Neutral,R-73 (AA-11),,,,169.799141139058,161.575927734375,0.505083897492609,1097.5068359375,1097.5068359375,150.150997251793,-79.2869873046875,46.1194230162433,NaN,0,0.0197823405926261,2138.84113700349,0.636253237724304,0.636253237724304,0.636253237724304,1441.58741657808,1076.28654126465,2517.87395784273,,,10.25,0,1950.13948929095,2009.4360255993
2011-06-01T05:04:20Z,1306904660,3012002,55.8559919,25.8616179,1008.87,0,0,359.5,-38872.21,-34074.74,0,Weapon+Missile,Violet,Neutral,R-73 (AA-11),,,,165.486852393222,158.088989257812,0.491753571805452,1008.87152099609,1008.87152099609,139.748628831391,-88.6353149414062,48.8281360218436,NaN,0,0.0197823405926261,2004.78619388966,0.517204582691193,0.517204582691193,0.517204582691193,1369.29491575081,989.364990137634,2358.65990588844,,,11.25,0,2090.31842145057,2175.30598087424
2011-06-01T05:04:21Z,1306904661,3012002,55.8567682,25.8625748,909.39,0,0,359.5,-38793.51,-33969.43,0,Weapon+Missile,Violet,Neutral,R-73 (AA-11),,,,164.862329661553,158.209884643555,0.489337175938624,909.392272949219,909.392272949219,131.466600128941,-99.479248046875,51.8326448345841,NaN,0,0.0197823405926261,1946.15834976586,0.648742318153381,0.648742318153381,0.648742318153381,1358.97938707173,891.809173351746,2250.78856042347,,,12.25,0,2222.20299932645,2340.51764595986
2011-06-01T05:04:22Z,1306904662,3012002,55.8574818,25.8634546,800.68,0,0,359.5,-38721.15,-33872.61,0,Weapon+Missile,Violet,Neutral,R-73 (AA-11),,,,162.5665682527,156.77522277832,0.481921079494021,800.681518554688,800.681518554688,120.871257925247,-108.710754394531,55.0948692750813,NaN,0,0.0197823405926261,1906.82639206078,0.628271341323853,0.628271341323853,0.628271341323853,1321.39445567299,785.200341393433,2106.59479706642,,,13.25,0,2343.45669680845,2503.3808692061
2011-06-01T05:04:23Z,1306904663,3012002,55.8581349,25.8642598,682.67,0,0,359.5,-38654.93,-33784.01,0,Weapon+Missile,Violet,Neutral,R-73 (AA-11),,,,161.751782866725,156.830474853516,0.47885806362717,682.667663574219,682.667663574219,110.618123710416,-118.013854980469,58.5106269072417,NaN,0,0.0197823405926261,1914.50445793866,0.577014744281769,0.577014744281769,0.577014744281769,1308.1819630282,669.468284299011,1977.65024732721,,,14.25,0,2454.42239313997,2665.37938645818
2011-06-01T05:04:24Z,1306904664,3012002,55.8587323,25.8649962,554.58,0,0,359.5,-38594.36,-33702.96,0,Weapon+Missile,Violet,Neutral,R-73 (AA-11),,,,163.228101120401,159.194107055664,0.482522306999484,554.58154296875,554.58154296875,101.17983348283,-128.086120605469,61.9935577167062,NaN,0,0.0197823405926261,1968.23808476847,0.586987614631653,0.586987614631653,0.586987614631653,1332.1706497686,543.858708835449,1876.02935860405,,,15.25,0,2555.91875867542,2828.80999840449
2011-06-01T05:04:25Z,1306904665,3012002,55.859273,25.8656627,416.52,0,0,359.5,-38539.54,-33629.61,0,Weapon+Missile,Violet,Neutral,R-73 (AA-11),,,,165.669196882967,162.596893310547,0.488969277479106,416.519989013672,416.519989013672,91.5712297359626,-138.061553955078,65.4864435295668,NaN,0,0.0197823405926261,2046.854214512,0.588127851486206,0.588127851486206,0.588127851486206,1372.31413979237,408.466575026093,1780.78071481846,,,16.25,0,2647.77613500118,2994.64140376902
2011-06-01T05:04:26Z,1306904666,3012002,55.859757,25.8662593,268.15,0,0,359.5,-38490.47,-33563.96,0,Weapon+Missile,Violet,Neutral,R-73 (AA-11),,,,169.498970391231,167.479873657227,0.499431171504653,268.154602050781,268.154602050781,81.961045107045,-148.365386962891,68.921753316989,NaN,0,0.0197823405926261,2201.91461552035,0.600685000419617,0.600685000419617,0.600685000419617,1436.49504818437,262.969832820129,1699.4648810045,,,17.25,0,2729.9984504852,3164.2690045653
2011-06-01T05:04:27Z,1306904667,3012002,55.8601828,25.8667842,109.95,0,0,359.5,-38447.29,-33506.2,0,Weapon+Missile,Violet,Neutral,R-73 (AA-11),,,,173.866507102727,173.020751953125,0.51138443146087,109.951538085938,109.951538085938,72.1204051863152,-158.203063964844,72.2302729856599,NaN,0,0.0197823405926261,2324.43397189268,0.642705976963043,0.642705976963043,0.642705976963043,1511.47811460514,107.825625097046,1619.30373970218,,,18.25,0,2802.35004750811,3338.23242994002
