ISOTime,UnixTime,Id,Longitude,Latitude,Altitude,Roll,Pitch,Yaw,U,V,Heading,Type,Color,Coalition,Name,Group,Country,Pilot,TAS,CAS,M,ASL,AGL,GS,VS,AOA,AOS,RRT,TRT,TRD,G,LatG,LonG,Ek,Ep,Em,FFW,FFV,RelativeTime,Elev,GroundDistance,AirDistance
2011-06-01T05:05:28Z,1306904728,1200C,55.696241,25.5420324,4993.3,-8.2,1,270.6,-55230.04,-69321.92,271.2,Weapon+Missile,Red,Allies,R-27ER,,xu,,297.948270680248,241.327850341797,0.929051107123726,4993.3037109375,4971.86499023438,NaN,NaN,NaN,NaN,NaN,NaN,NaN,NaN,NaN,NaN,NaN,4896.75818368652,NaN,,,0.289999961853027,21.438720703125,NaN,NaN
2011-06-01T05:05:29Z,1306904729,1200C,55.692963,25.5420729,4985.47,-6.6,1.5,270.6,-55559.38,-69314.21,271.2,Weapon+Missile,Red,Allies,R-27ER,,xu,,329.523130774646,269.112426757812,1.02740459301523,4985.47412109375,4963.47412109375,329.43010068663,-7.82958984375,2.33311954497433,NaN,1.35381947935104,3.71859975938266,5000,1.82252478599548,1.82252478599548,1.82252478599548,5429.27468577623,4889.0799789624,10318.3546647386,,,1.28999996185303,22,329.278988219883,329.629571458423
2011-06-01T05:05:30Z,1306904730,1200C,55.6875914,25.5420159,4985.5,-6.5,0.6,267.2,-56099.18,-69315.2,267.7,Weapon+Missile,Red,Allies,R-27ER,,xu,,539.793881060884,438.135681152344,1.68299829501622,4985.49609375,4963.86870574951,539.793880613678,0.02197265625,0.402340188119119,NaN,0.323040626984923,3.18108760828668,5000,5.92191028594971,5.92191028594971,5.92191028594971,14568.8717015386,4889.10152677734,19457.9732283159,,,2.28999996185303,21.6273880004883,868.835877879171,869.608207418589
2011-06-01T05:05:31Z,1306904731,1200C,55.6798326,25.5413252,4974.65,-8.2,-2.6,261.7,-56879.53,-69383.99,262.2,Weapon+Missile,Red,Allies,R-27ER,,xu,,783.456646756418,618.189880371094,2.44236699221184,4974.64599609375,4954.17398262024,783.381511606995,-10.85009765625,0.204024802547425,NaN,2.20003125241779,6.42035690235765,5000,11.3041152954102,11.3041152954102,11.3041152954102,30690.2158673406,4878.46121575928,35568.6770830998,,,3.28999996185303,20.4720134735107,1651.91831247895,1653.37718065035
2011-06-01T05:05:32Z,1306904732,1200C,55.6701056,25.5395445,4880.29,-11.2,-8.5,255.4,-57858.88,-69571.45,255.9,Weapon+Missile,Red,Allies,R-27ER,,xu,,1001.58198941376,783.96337890625,3.11862678758253,4880.2900390625,4864.13871574402,997.127592081749,-94.35595703125,0.204020228163554,NaN,3.07697290033406,8.27256290572666,5000,14.884256362915,14.884256362915,14.884256362915,50158.3240759015,4785.92963115723,54944.2537070587,,,4.28999996185303,16.1513233184814,2648.81980630361,2655.50081567313
2011-06-01T05:05:33Z,1306904733,1200C,55.6609009,25.5368587,4683.15,-13.2,-14.6,248.7,-58786.78,-69859.62,249.3,Weapon+Missile,Red,Allies,R-27ER,,xu,,991.414337360051,783.855651855469,3.07929725580048,4683.15087890625,4672.51067829132,971.616457176368,-197.13916015625,0.163239413547703,NaN,1.76923756108674,8.94072189241492,5000,14.4212818145752,14.4212818145752,14.4212818145752,49145.1194161534,4592.6021566626,53737.721572816,,,5.28999996185303,10.6402006149292,3620.51214965991,3647.70347178334
2011-06-01T05:05:34Z,1306904734,1200C,55.6526339,25.5334612,4396.78,-13.9,-19.6,243.1,-59621.29,-70227.53,243.7,Weapon+Missile,Red,Allies,R-27ER,,xu,,955.914129284277,767.471435546875,2.95838906847769,4396.7822265625,4390.77386474609,912.0114130427,-286.36865234375,0.330376806424305,NaN,0.169219644234358,6.42898727326079,5000,6.62914514541626,6.62914514541626,6.62914514541626,45688.5911282659,4311.77044221191,50000.3615704778,,,6.28999996185303,6.00836181640625,4532.96975019702,4604.66301156358
2011-06-01T05:05:35Z,1306904735,1200C,55.6447036,25.5296839,4064.22,-12.4,-20.8,241.7,-60422.46,-70637.79,242.3,Weapon+Missile,Red,Allies,R-27ER,,xu,,959.571664567147,782.745849609375,2.95744130883226,4064.22216796875,4055.84265136719,900.100875940184,-332.56005859375,0.0300490104661551,NaN,1.69231426310677,2.62871783038988,5000,1.72901594638824,1.72901594638824,1.72901594638824,46038.8889720082,3985.64043235107,50024.5294043593,,,7.28999996185303,8.3795166015625,5433.72856453728,5565.41236481648
2011-06-01T05:05:36Z,1306904736,1200C,55.6367328,25.5257225,3710.7,-10.8,-21.5,240.9,-61227.95,-71068.35,241.5,Weapon+Missile,Red,Allies,R-27ER,,xu,,979.377458467423,812.031494140625,3.00534267095312,3710.69921875,3702.48583984375,913.346446059646,-353.52294921875,0.0584409814567331,NaN,1.53847791243057,0.97391283177071,5000,0.814204454421997,0.814204454421997,0.814204454421997,47959.0103077054,3638.95284935547,51597.9631570609,,,8.28999996185303,8.21337890625,6347.82022940023,6546.00448467691
2011-06-01T05:05:37Z,1306904737,1200C,55.6287401,25.5216677,3345.88,-9.3,-21.7,240.6,-62035.8,-71509.18,241.2,Weapon+Missile,Red,Allies,R-27ER,,xu,,989.971656444154,835.017517089844,3.02432517353646,3345.8837890625,3337.88482666016,920.300811052944,-364.8154296875,0.0483568450118189,NaN,1.5384710822414,0.370228429608984,5000,0.967476010322571,0.967476010322571,0.967476010322571,49002.1940281391,3281.19112600098,52283.3851541401,,,9.28999996185303,7.99896240234375,7268.91120420042,7537.18448589161
2011-06-01T05:05:38Z,1306904738,1200C,55.6206502,25.5175287,2975.63,-8,-21.6,240.5,-62853.58,-71959.19,241.1,Weapon+Missile,Red,Allies,R-27ER,,xu,,1004.16896622027,861.768615722656,3.05395745389462,2975.62915039062,2965.87487506866,933.416742544208,-370.254638671875,0.0848721151303861,NaN,1.10768763619411,0.256790593480576,5000,1.65547358989716,1.65547358989716,1.65547358989716,50417.7656359941,2918.09536076782,53335.8609967619,,,10.289999961853,9.75427532196045,8203.13529158075,8542.53436667736
2011-06-01T05:05:39Z,1306904739,1200C,55.6125736,25.5133749,2613.02,-6.8,-20.9,240.1,-63670.09,-72410.81,240.7,Weapon+Missile,Red,Allies,R-27ER,,xu,,1001.07064707239,874.071228027344,3.03129669550763,2613.01928710938,2608.93011474609,933.089774609646,-362.60986328125,0.0744564583167711,NaN,1.3384899735326,0.872870001397303,5000,2.92525124549866,2.92525124549866,2.92525124549866,50107.1220214963,2562.49655919312,52669.6185806894,,,11.289999961853,4.08917236328125,9137.04123819984,9544.7472274204
2011-06-01T05:05:40Z,1306904740,1200C,55.6050825,25.5093546,2288.1,-5.2,-19.8,238.7,-64427.65,-72848.21,239.3,Weapon+Missile,Red,Allies,R-27ER,,xu,,933.157793679124,828.515075683594,2.81473138585965,2288.10229492188,2283.32769775391,874.764205996061,-324.9169921875,0.0257635749140987,NaN,1.73845731359208,1.45062012191964,5000,3.20893955230713,3.20893955230713,3.20893955230713,43539.1733952045,2243.86183704956,45783.0352322541,,,12.289999961853,4.77459716796875,10012.6456219045,10479.0080795742
2011-06-01T05:05:41Z,1306904741,1200C,55.5981151,25.5054099,1996.89,-4.1,-19.1,237.6,-65132.54,-73277.74,238.2,Weapon+Missile,Red,Allies,R-27ER,,xu,,875.31070009699,788.781555175781,2.6311626344309,1996.88684082031,1989.25025844574,825.446776598409,-291.215454101562,0.142318738762481,NaN,1.13844739312126,1.17167402227755,5000,2.4884340763092,2.4884340763092,2.4884340763092,38308.4410852142,1958.27703375305,40266.7181189672,,,13.289999961853,7.63658237457275,10838.9865972209,11355.4238902363
2011-06-01T05:05:42Z,1306904742,1200C,55.5916089,25.5017338,1740.69,-2.9,-17.7,239.1,-65790.8,-73678,239.7,Weapon+Missile,Red,Allies,R-27ER,,xu,,811.880321590166,741.476501464844,2.4331534210373,1740.69384765625,1729.63087081909,770.399121779736,-256.192993164062,0.119748109911669,NaN,1.15388148621138,1.83821094575965,5000,4.61982536315918,4.61982536315918,4.61982536315918,32957.4828292675,1707.03753211182,34664.5203613793,,,14.289999961853,11.0629768371582,11610.2097967274,12168.3006751541
2011-06-01T05:05:43Z,1306904743,1200C,55.5852923,25.4984939,1521.82,-1.5,-15.6,241.7,-66429.53,-74030.11,242.3,Weapon+Missile,Red,Allies,R-27ER,,xu,,761.490905046951,703.389038085938,2.27630766082663,1521.81994628906,1508.94476222992,729.35767204406,-218.873901367188,0.041919332197868,NaN,1.61537559720116,3.09999149161065,5000,5.22968292236328,5.22968292236328,5.22968292236328,28993.4199234612,1492.39555762756,30485.8154810888,,,15.289999961853,12.8751840591431,12340.1920875105,12930.5686972187
2011-06-01T05:05:44Z,1306904744,1200C,55.5792749,25.4956741,1352.13,1,-11.9,243.7,-67037.72,-74335.98,244.3,Weapon+Missile,Red,Allies,R-27ER,,xu,,701.599414023455,654.332580566406,2.09313779831454,1352.12915039062,1342.99841308594,680.769249852995,-169.690795898438,0.416464822988869,NaN,2.98461465549033,3.2410677682568,5000,4.63588809967041,4.63588809967041,4.63588809967041,24612.0868879028,1325.98573326782,25938.0726211706,,,16.289999961853,9.1307373046875,13021.4357777669,13632.7774073764
2011-06-01T05:05:45Z,1306904745,1200C,55.5735098,25.4931499,1223.1,1.6,-10.7,245,-67620.23,-74609.35,245.6,Weapon+Missile,Red,Allies,R-27ER,,xu,,656.275681554112,616.652587890625,1.95499227551519,1223.09997558594,1216.09997558594,643.466582075973,-129.029174804688,0.1452780238152,NaN,0.569230953636625,2.23540266769517,5000,2.26973295211792,2.26973295211792,2.26973295211792,21534.8885099657,1199.45133755798,22734.3398475237,,,17.289999961853,7,13665.2652344742,14289.5363272019
2011-06-01T05:05:46Z,1306904746,1200C,55.5680613,25.4908742,1111.3,1.5,-10.4,245.4,-68170.64,-74855.52,246,Weapon+Missile,Red,Allies,R-27ER,,xu,,613.234451975499,580.142272949219,1.82441541619593,1111.29541015625,1102.29541015625,602.956244049906,-111.804565429688,0.0370649688054013,NaN,0.199987938897973,0.725049553276006,5000,1.08201432228088,1.08201432228088,1.08201432228088,18802.8246544845,1089.80851340088,19892.6331678854,,,18.289999961853,9,14268.5070502536,14903.1601116242
2011-06-01T05:05:47Z,1306904747,1200C,55.5629322,25.4887418,1006.99,1.3,-10.4,245.4,-68688.79,-75086.15,246,Weapon+Missile,Red,Allies,R-27ER,,xu,,576.667984117217,548.989990234375,1.71356442395527,1006.98687744141,997.986877441406,567.155793330802,-104.308532714844,0.0223155730019131,NaN,0.199987938897973,0.0541761800424684,5000,0.99287211894989,0.99287211894989,0.99287211894989,16627.2981952908,987.516786166077,17614.8149814568,,,19.289999961853,9,14835.9388148827,15480.1921910839
2011-06-01T05:05:48Z,1306904748,1200C,55.5580854,25.4867267,908.5,1.1,-10.4,245.4,-69178.45,-75304.05,246,Weapon+Missile,Red,Allies,R-27ER,,xu,,544.927975823385,521.817077636719,1.6174148148965,908.497680664062,899.497680664062,535.9537078453,-98.4891967773438,0.0192574815428283,NaN,0.199987938897973,0.0197823405926261,5000,0.988598465919495,0.988598465919495,0.988598465919495,14847.3249417486,890.931878008423,15738.256819757,,,20.289999961853,9,15372.1501622749,16025.4527584463
2011-06-01T05:05:49Z,1306904749,1200C,55.5535627,25.4848462,816.63,1,-10.4,245.4,-69635.38,-75507.41,246,Weapon+Missile,Red,Allies,R-27ER,,xu,,508.503541992482,489.835357666016,1.50771106538319,816.632263183594,808.632263183594,500.136578636315,-91.8654174804688,0.0169618274718941,NaN,0.0154089067675488,0.0197823405926261,5000,0.988723337650299,0.988723337650299,0.988723337650299,12928.792610945,800.842678374939,13729.6352893199,,,21.289999961853,8,15872.5217847011,16534.2540354271
2011-06-01T05:05:50Z,1306904750,1200C,55.5492635,25.4830586,729.35,0.8,-10.4,245.4,-70069.73,-75700.7,246,Weapon+Missile,Red,Allies,R-27ER,,xu,,483.372943895025,467.964630126953,1.43176609050828,729.353088378906,722.023193359375,475.427963560366,-87.2791748046875,0.0157834708271646,NaN,0.199987938897973,0.0197823405926261,5000,0.986109673976898,0.986109673976898,0.986109673976898,11682.4701444872,715.2510464151,12397.7211909023,,,22.289999961853,7.32989501953125,16348.1697480961,17017.9000639456
2011-06-01T05:05:51Z,1306904751,1200C,55.5452396,25.4813853,647.68,0.7,-10.4,245.4,-70476.3,-75881.63,246,Weapon+Missile,Red,Allies,R-27ER,,xu,,452.436309664827,440.245971679688,1.33887947630883,647.683044433594,640.154250621796,445.004065402888,-81.6700439453125,0.0161450869389626,NaN,0.138461594854498,0.0197823405926261,5000,0.987269520759583,0.987269520759583,0.987269520759583,10234.9307151563,635.16009276947,10870.0908079258,,,23.289999961853,7.5287938117981,16793.3718899152,17470.5784683286
2011-06-01T05:05:52Z,1306904752,1200C,55.5414442,25.4798068,570.69,0.6,-10.4,245.4,-70859.76,-76052.28,246,Weapon+Missile,Red,Allies,R-27ER,,xu,,426.721215247779,417.044464111328,1.26167209049166,570.690734863281,563.458679199219,419.717976514671,-76.9923095703125,0.0186394316797658,NaN,0,0.0197823405926261,5000,0.9848792552948,0.9848792552948,0.9848792552948,9104.54977712706,559.6564295047,9664.20620663176,,,24.289999961853,7.2320556640625,17213.3063621934,17897.5520791838
2011-06-01T05:05:53Z,1306904753,1200C,55.5378508,25.4783122,497.81,0.5,-10.4,245.4,-71222.84,-76213.85,246,Weapon+Missile,Red,Allies,R-27ER,,xu,,404.040396399724,396.370697021484,1.19362047355579,497.805358886719,489.805358886719,397.412083222946,-72.8853759765625,0.0195878177411179,NaN,0.199987938897973,0.0197823405926261,5000,0.985293984413147,0.985293984413147,0.985293984413147,8162.43209614232,488.180292272644,8650.61238841497,,,25.289999961853,8,17610.9005111418,18301.8043134614
