ISOTime,UnixTime,Id,Longitude,Latitude,Altitude,Roll,Pitch,Yaw,U,V,Heading,Type,Color,Coalition,Name,Group,Country,Pilot,TAS,CAS,M,ASL,AGL,GS,VS,AOA,AOS,RRT,TRT,TRD,G,LatG,LonG,Ek,Ep,Em,FFW,FFV,RelativeTime,Elev,GroundDistance,AirDistance
2011-06-01T05:05:38Z,1306904738,15609,55.4148435,25.8463436,722.53,-61,0.9,204.9,-83101.22,-35307.28,205.6,Weapon+Missile,Red,Allies,R-27ER,,xu,,275.518076614416,267.601745605469,0.816029566027282,722.526916503906,722.526916503906,NaN,NaN,4.37536465307604,NaN,13.1385109063015,1.99708026738538,NaN,NaN,NaN,NaN,NaN,708.556858573303,NaN,,,0.539999961853027,0,NaN,NaN
2011-06-01T05:05:39Z,1306904739,15609,55.4131825,25.843692,712.92,-49.1,2.8,204.5,-83271.26,-35598.99,205.2,Weapon+Missile,Red,Allies,R-27ER,,xu,,337.788059497995,328.905975341797,1.00035086935393,712.923828125,712.923828125,337.651527218533,-9.60308837890625,3.94648263353946,NaN,10.9384864840729,2.20034245291185,2446.75549560192,5.74806547164917,5.74806547164917,5.74806547164917,5705.03865697105,699.139445908203,6404.17810287925,,,1.53999996185303,0,338.853255656575,339.02741944142
2011-06-01T05:05:40Z,1306904740,15609,55.4110978,25.8390732,725.93,-40.5,2,197.3,-83486.4,-36108.07,198,Weapon+Missile,Red,Allies,R-27ER,,xu,,552.832018464693,532.979797363281,1.63744198732159,725.933837890625,725.933837890625,552.678912466945,13.010009765625,0.334589516387032,NaN,8.35384044930252,6.2163101235454,3129.34089308704,12.0794744491577,12.0794744491577,12.0794744491577,15281.1620319873,711.89790713501,15993.0599391223,,,2.53999996185303,0,893.815030157243,894.204250623321
2011-06-01T05:05:41Z,1306904741,15609,55.4094559,25.8321462,737.01,-33.2,-0.7,186.7,-83660.27,-36873.38,187.4,Weapon+Missile,Red,Allies,R-27ER,,xu,,784.880766510768,749.912475585938,2.32504577892061,737.012329101562,737.012329101562,784.802576875879,11.0784912109375,0.207104572222769,NaN,6.95384974493583,10.9394256350838,3761.72014167654,17.8656063079834,17.8656063079834,17.8656063079834,30801.8908819266,722.762195718384,31524.653077645,,,3.53999996185303,0,1682.27670681907,1682.83416945649
2011-06-01T05:05:42Z,1306904742,15609,55.409349,25.8238924,694.11,-26.9,-4.3,175.9,-83682.03,-37787.49,176.6,Weapon+Missile,Red,Allies,R-27ER,,xu,,915.382353509019,874.485412597656,2.710298280928,694.106872558594,694.106872558594,914.376276439055,-42.9054565429688,0.659878372538388,NaN,6.16922834893603,8.96614044141112,5000,8.79856300354004,8.79856300354004,8.79856300354004,41896.2426557856,680.686316177673,42576.9289719632,,,4.53999996185303,0,2601.14713511136,2602.80873487815
2011-06-01T05:05:43Z,1306904743,15609,55.4100773,25.8157291,622.89,-21.7,-4.5,175.2,-83619.96,-38692.61,175.9,Weapon+Missile,Red,Allies,R-27ER,,xu,,910.030309463706,872.214904785156,2.69225913798871,622.886169433594,622.886169433594,907.239095051018,-71.220703125,0.0499902529636175,NaN,4.89231082322381,2.62224345138694,5000,0.954856753349304,0.954856753349304,0.954856753349304,41407.7582071304,610.842665347595,42018.600872478,,,5.53999996185303,0,3512.80946382401,3517.34261338285
2011-06-01T05:05:44Z,1306904744,15609,55.4108247,25.807656,551.6,-17.5,-4.5,175.2,-83555.83,-39587.75,175.9,Weapon+Missile,Red,Allies,R-27ER,,xu,,900.265594272793,865.71240234375,2.6612052170486,551.602294921875,551.602294921875,897.438994843629,-71.2838745117188,0.0431028004481296,NaN,3.84613074805296,0.0541761800424684,5000,1.00872671604156,1.00872671604156,1.00872671604156,40523.9070115672,540.937064549561,41064.8440761168,,,6.53999996185303,0,4414.61398041044,4422.0428610978
2011-06-01T05:05:45Z,1306904745,15609,55.4115759,25.7995609,480.24,-14.2,-4.5,175.2,-83491.34,-40485.33,175.9,Weapon+Missile,Red,Allies,R-27ER,,xu,,902.716624211589,870.828247070312,2.66628181414123,480.239990234375,480.239990234375,899.891507403896,-71.3623046875,0.0395567098091554,NaN,3.24616693135904,0.0197823405926261,5000,1.00760412216187,1.00760412216187,1.00760412216187,40744.8651813984,470.954550023193,41215.8197314216,,,7.53999996185303,0,5318.89640580337,5329.20964781604
2011-06-01T05:05:46Z,1306904746,15609,55.4123237,25.7915121,409.39,-11.5,-4.5,175.2,-83427.11,-41377.78,175.9,Weapon+Missile,Red,Allies,R-27ER,,xu,,897.558873403728,868.646118164062,2.64891202404502,409.386138916016,409.386138916016,894.757879528941,-70.8538513183594,0.0373661290496865,NaN,2.53846371069733,0.0197823405926261,5000,1.00557017326355,1.00557017326355,1.00557017326355,40280.5965612885,401.470657920074,40682.0672192086,,,8.53999996185303,0,6218.01377539604,6231.17698326816
2011-06-01T05:05:47Z,1306904747,15609,55.4130703,25.783486,338.82,-9.3,-4.5,175.2,-83362.96,-42267.7,175.9,Weapon+Missile,Red,Allies,R-27ER,,xu,,895.013485413241,868.938049316406,2.6392839142169,338.816131591797,338.816131591797,892.22699641841,-70.5700073242188,0.0378038408823671,NaN,2.10769563257568,0.0197823405926261,5000,1.00473344326019,1.00473344326019,1.00473344326019,40052.4569535779,332.265121687469,40384.7220752654,,,9.53999996185303,0,7114.59839808616,7130.58701960545
2011-06-01T05:05:48Z,1306904748,15609,55.4138179,25.7754549,268.28,-7.5,-4.5,175.2,-83298.68,-43158.2,175.9,Weapon+Missile,Red,Allies,R-27ER,,xu,,895.599362215975,872.24267578125,2.63890012782999,268.276153564453,268.276153564453,892.817074826396,-70.5399780273438,0.039775615796126,NaN,1.73845731359208,0.0197823405926261,5000,1.00395536422729,1.00395536422729,1.00395536422729,40104.910880083,263.089034135284,40367.9999142183,,,10.539999961853,0,8011.75673978647,8030.55679286507
2011-06-01T05:05:49Z,1306904749,15609,55.4145392,25.767713,200.34,-6,-4.5,175.2,-83236.67,-44016.61,175.9,Weapon+Missile,Red,Allies,R-27ER,,xu,,863.328102040524,843.598266601562,2.54185653000595,200.3369140625,200.3369140625,860.650725619161,-67.9392395019531,0.0412788733004873,NaN,1.3384771669279,0.0197823405926261,5000,1.00379538536072,1.00379538536072,1.00379538536072,37266.7705886446,196.463399829102,37463.2339884737,,,11.539999961853,0,8876.60885467737,8898.10499124301
2011-06-01T05:05:50Z,1306904750,15609,55.41521,25.7605176,137.25,-4.9,-4.5,175.2,-83178.98,-44814.43,175.9,Weapon+Missile,Red,Allies,R-27ER,,xu,,802.387963536507,786.754943847656,2.36074911839064,137.246154785156,137.246154785156,799.903744285567,-63.0907592773438,0.0441417466029617,NaN,1.13844824689491,0.0197823405926261,5000,1.00162672996521,1.00162672996521,1.00162672996521,32191.3222014131,134.592500382385,32325.9147017955,,,12.539999961853,0,9680.42156605515,9704.41108509866
2011-06-01T05:05:51Z,1306904751,15609,55.4158252,25.7539222,79.45,-4,-4.5,175.2,-83126.05,-45545.71,175.9,Weapon+Missile,Red,Allies,R-27ER,,xu,,735.472466710919,723.665893554688,2.16246213460248,79.4515380859375,79.4515380859375,733.198153005335,-57.7946166992188,0.0456832334089759,NaN,0.907675791634042,0.0197823405926261,5000,1.00072371959686,1.00072371959686,1.00072371959686,27045.9874644922,77.9153425970459,27123.9028070893,,,13.539999961853,0,10417.1982149369,10443.4635130273
2011-06-01T05:05:52Z,1306904752,15609,55.4163958,25.7478081,25.9,-3.2,-4.5,175.2,-83076.95,-46223.64,175.9,Weapon+Missile,Red,Allies,R-27ER,,xu,,681.807598561739,673.0927734375,2.0034649319245,25.904613494873,25.904613494873,679.701646550429,-53.5469245910645,0.0485275264891841,NaN,0.769238956215285,0.0197823405926261,5000,1.46053493022919,1.46053493022919,1.46053493022919,23243.0800728263,25.4037477929497,23268.4838206192,,,14.539999961853,0,11100.2174712554,11128.5841474492
2011-06-01T05:05:53Z,1306904753,15609,55.4168587,25.7421135,-21.13,-2.7,-2.8,179.2,-83038.09,-46854.97,179.9,Weapon+Missile,Red,Allies,R-27ER,,xu,,634.269612588822,628.115966796875,1.86278938123576,-21.134614944458,-21.134614944458,632.522926415641,-47.0392284393311,0.197228978830571,NaN,0.461527408161986,5.13797052955436,4202.49878588036,9.60056686401367,9.60056686401367,9.60056686401367,20114.8970726787,-20.7259771645069,20094.1710955142,,,15.539999961853,0,11735.8331839072,11765.9383074893
2011-06-01T05:05:54Z,1306904754,15609,55.4165257,25.737067,-22.81,-2,1.7,185.4,-83078.21,-47413.55,186.1,Weapon+Missile,Red,Allies,R-27ER,,xu,,560.027744574892,555.963623046875,1.64471706410457,-22.81077003479,-22.81077003479,560.025236215078,-1.67615509033203,0.371649388796566,NaN,0.723087794880332,5.60182404401556,5000,3.11530423164368,3.11530423164368,3.11530423164368,15681.553734682,-22.3697237961674,15659.1840108859,,,16.539999961853,0,12298.6040006217,12328.7096815885
2011-06-01T05:05:55Z,1306904755,15609,55.4161171,25.7323813,-7.06,-1.6,1.7,183.5,-83125.43,-47932.07,184.2,Weapon+Missile,Red,Allies,R-27ER,,xu,,520.903394890405,517.632629394531,1.5300860988142,-7.05538463592529,-7.05538463592529,520.665069540182,15.7553853988647,0.0267119698672103,NaN,0.384592157350962,1.0941032437086,5000,1.90629839897156,1.90629839897156,1.90629839897156,13567.0173404175,-6.91896877398968,13560.0983716435,,,17.539999961853,0,12821.8205214137,12852.1621416231
2011-06-01T05:05:56Z,1306904756,15609,55.4158986,25.7280283,6.03,-1.3,1.4,181.7,-83153.13,-48413.98,182.4,Weapon+Missile,Red,Allies,R-27ER,,xu,,482.875283279483,480.448181152344,1.41859246153695,6.02923059463501,6.02923059463501,482.697971869065,13.0846152305603,0.0516920100683963,NaN,0.323057489014437,1.78859655835038,5000,2.04689788818359,2.04689788818359,2.04689788818359,11658.426960112,5.91265542108774,11664.3396155331,,,18.539999961853,0,13306.8822926994,13337.4003215559
2011-06-01T05:05:57Z,1306904757,15609,55.4158693,25.7239838,17.5,-1.1,1.9,178.6,-83161.45,-48861.93,179.3,Weapon+Missile,Red,Allies,R-27ER,,xu,,448.177304844908,446.488800048828,1.31682682297268,17.5038452148438,17.5038452148438,448.030389368136,11.4746146202087,0.464737243261711,NaN,0.200042580411333,2.06089645704322,5000,2.33812403678894,2.33812403678894,2.33812403678894,10043.1448289023,17.1654083676147,10060.3102372699,,,19.539999961853,0,13757.1227353492,13787.7877891112
2011-06-01T05:05:58Z,1306904758,15609,55.4159811,25.7202595,35.38,-0.9,2.6,177.3,-83155.19,-49274.59,178,Weapon+Missile,Red,Allies,R-27ER,,xu,,413.094685951061,411.929321289062,1.21399217679962,35.3800010681152,35.3800010681152,412.707720563736,17.8761558532715,0.165432250867278,NaN,0.199987938897973,2.67669521355417,5000,1.98416984081268,1.98416984081268,1.98416984081268,8532.36097805027,34.6959287474632,8567.05690679774,,,20.539999961853,0,14171.8657822002,14202.9176219163
2011-06-01T05:05:59Z,1306904759,15609,55.4162699,25.7168119,45.36,-0.6,0.1,174.2,-83130.79,-49656.82,174.9,Weapon+Missile,Red,Allies,R-27ER,,xu,,383.134358989157,382.304718017578,1.12607212993915,45.3553810119629,45.3553810119629,383.004476257142,9.97537994384766,0.199161710093572,NaN,0.400030519309307,3.1253906172564,5000,1.66285955905914,1.66285955905914,1.66285955905914,7339.5968519016,44.4784347200966,7384.07528662169,,,21.539999961853,0,14556.7392071132,14587.9227341359
2011-06-01T05:06:00Z,1306904760,15609,55.4166951,25.7135909,43.24,-0.5,-0.4,172.2,-83092.41,-50014.1,172.9,Weapon+Missile,Red,Allies,R-27ER,,xu,,359.34330834072,358.729858398438,1.05612253108373,43.2384605407715,43.2384605407715,359.337072811828,-2.11692047119141,0.10870172059113,NaN,0,2.17579347237435,5000,1.26329517364502,1.26329517364502,1.26329517364502,6456.3806624627,42.4024449062157,6498.78310736892,,,22.539999961853,0,14917.8244112889,14949.0166513894
2011-06-01T05:06:01Z,1306904761,15609,55.4171611,25.7106239,41.09,-0.4,-0.3,172.6,-83049.59,-50343.3,173.3,Weapon+Missile,Red,Allies,R-27ER,,xu,,331.986162387106,331.485290527344,0.975695253243962,41.0861511230469,41.0861511230469,331.979185463017,-2.15230941772461,0.327013810640064,NaN,0,1.2732640148365,5000,2.27412128448486,2.27412128448486,2.27412128448486,5510.74060082591,40.2917503910828,5551.03235121699,,,23.539999961853,0,15251.4001177653,15282.601506436
2011-06-01T05:06:02Z,1306904762,15609,55.4174008,25.7078567,39.83,-0.3,-0.3,178.5,-83029.2,-50650.1,179.2,Weapon+Missile,Red,Allies,R-27ER,,xu,,307.472400897254,307.007751464844,0.903637421701434,39.8315391540527,39.8315391540527,307.469841224028,-1.25461196899414,0.179365211201219,NaN,0.199987938897973,4.67683030774095,3242.2978894103,3.02773380279541,3.02773380279541,3.02773380279541,4726.96386567609,39.0613963445091,4766.0252620206,,,24.539999961853,0,15560.3811627047,15591.5870584919
2011-06-01T05:06:03Z,1306904763,15609,55.4173539,25.7052754,38.04,-0.3,-0.4,183.3,-83037.34,-50935.96,184,Weapon+Missile,Red,Allies,R-27ER,,xu,,285.988434416813,285.564147949219,0.84048079123987,38.0446166992188,38.0446166992188,285.982851808147,-1.78692245483398,0.52835767266832,NaN,0,3.50270563493354,5000,1.16208267211914,1.16208267211914,1.16208267211914,4089.469231009,37.3090240353394,4126.77825504433,,,25.539999961853,0,15847.7695487771,15878.9827543227
2011-06-01T05:06:04Z,1306904764,15609,55.4172428,25.7028705,35.1,-0.2,-1,179.8,-83051.68,-51202.21,180.5,Weapon+Missile,Red,Allies,R-27ER,,xu,,266.648459429909,266.274993896484,0.783617244211704,35.0992279052734,35.0992279052734,266.632191607083,-2.94538879394531,0.0750357547595095,NaN,0.138490996684441,2.01605605169867,3119.73009479535,2.36100387573242,2.36100387573242,2.36100387573242,3555.07004581719,34.420584333725,3589.49063015091,,,26.539999961853,0,16115.713456915,16146.9443869337
2011-06-01T05:06:05Z,1306904765,15609,55.4173508,25.7005964,29.68,-0.2,-1.4,176.3,-83043.86,-51454.23,177,Weapon+Missile,Red,Allies,R-27ER,,xu,,252.203003649727,251.899612426758,0.741120165453798,29.6784610748291,29.6784610748291,252.144740847225,-5.42076683044434,0.140293162436142,NaN,0,3.18433728422773,5000,1.08900034427643,1.08900034427643,1.08900034427643,3180.31775249721,29.1046280299473,3209.42238052715,,,27.539999961853,0,16369.0958476227,16400.3860423315
2011-06-01T05:06:06Z,1306904766,15609,55.4175062,25.6984293,23.89,-0.1,-1.4,176.2,-83031.14,-51694.47,176.9,Weapon+Missile,Red,Allies,R-27ER,,xu,,240.640545990328,240.405120849609,0.707096740747955,23.8861522674561,23.8861522674561,240.570824359903,-5.79230880737305,0.0530968618520751,NaN,0.0615347483778051,0.452843196158285,5000,0.998123109340668,0.998123109340668,0.998123109340668,2895.39361872616,23.4243135133648,2918.81793223952,,,28.539999961853,0,16610.8438700891,16642.2044618424
2011-06-01T05:06:07Z,1306904767,15609,55.417655,25.6963685,18.37,-0.1,-1.4,176.2,-83018.94,-51922.91,176.9,Weapon+Missile,Red,Allies,R-27ER,,xu,,228.82980149013,228.656280517578,0.672350305227708,18.366153717041,18.366153717041,228.763213096021,-5.51999855041504,0.051808079608497,NaN,0,0.0513960362511687,5000,0.999664008617401,0.999664008617401,0.999664008617401,2618.15390250061,18.011044134922,2636.16494663553,,,29.539999961853,0,16840.7370283975,16872.1646426023
2011-06-01T05:06:08Z,1306904768,15609,55.4177972,25.6944012,13.1,-0.1,-1.4,176.2,-83007.29,-52140.99,176.9,Weapon+Missile,Red,Allies,R-27ER,,xu,,218.456400541921,218.33772277832,0.641832979610057,13.0992298126221,13.0992298126221,218.392899267163,-5.26692390441895,0.0513813169407296,NaN,0,0.0139882274201861,5000,0.998776137828827,0.998776137828827,0.998776137828827,2386.15994688662,12.845956204195,2399.00590309081,,,30.539999961853,0,17060.1968631232,17091.6882111482
2011-06-01T05:06:09Z,1306904769,15609,55.4179336,25.6925118,8.03,-0.1,-1.4,176.2,-82996.11,-52350.43,176.9,Weapon+Missile,Red,Allies,R-27ER,,xu,,209.804610670946,209.735336303711,0.616378538476262,8.0346155166626,8.0346155166626,209.743472701346,-5.06461429595947,0.0518304707184346,NaN,0,0.0139882274201861,5000,0.999692380428314,0.999692380428314,0.999692380428314,2200.89873293936,7.87926622564793,2208.77799916501,,,31.539999961853,0,17270.9676436556,17302.5201808386
2011-06-01T05:06:10Z,1306904770,15609,55.4180648,25.6906945,3.17,-0.1,-1.4,176.2,-82985.34,-52551.89,176.9,Weapon+Missile,Red,Allies,R-27ER,,xu,,201.803229736532,201.778594970703,0.592839015093519,3.16538453102112,3.16538453102112,201.744477301621,-4.86923098564148,0.0531009162951845,NaN,0,0.0139882274201861,5000,0.999554097652435,0.999554097652435,0.999554097652435,2036.22717660478,3.10418182111382,2039.3313584259,,,32.539999961853,0,17473.69813341,17505.3093153044
2011-06-01T05:06:11Z,1306904771,15609,55.4181903,25.6889565,-1.49,0,-1.4,176.2,-82975.05,-52744.55,176.9,Weapon+Missile,Red,Allies,R-27ER,,xu,,192.991279715588,193.00651550293,0.566922355185608,-1.49000000953674,-1.49000000953674,192.935122362519,-4.65538454055786,0.0505273497541975,NaN,0.199987938897973,0.0139882274201861,5000,0.998208820819855,0.998208820819855,0.998208820819855,1862.28170231303,-1.46119085935235,1860.82051145367,,,33.539999961853,0,17667.5806919479,17699.24778231
