ISOTime,UnixTime,Id,Longitude,Latitude,Altitude,Roll,Pitch,Yaw,U,V,Heading,Type,Color,Coalition,Name,Group,Country,Pilot,TAS,CAS,M,ASL,AGL,GS,VS,AOA,AOS,RRT,TRT,TRD,G,LatG,LonG,Ek,Ep,Em,FFW,FFV,RelativeTime,Elev,GroundDistance,AirDistance
2011-06-01T05:06:53Z,1306904813,22F09,55.4811368,25.7115579,678.37,95.6,5.4,233.4,-76628.77,-50315.26,234.1,Weapon+Missile,Red,Allies,R-27ET,,xu,,259.008972158168,251.884399414062,0.766745449678234,678.373046875,678.373046875,NaN,NaN,NaN,NaN,NaN,NaN,NaN,NaN,NaN,NaN,NaN,665.256704013672,NaN,,,0.170000076293945,0,NaN,NaN
2011-06-01T05:06:54Z,1306904814,22F09,55.4781717,25.7093184,677.01,76.6,-0.7,232.9,-76929.16,-50559.89,233.5,Weapon+Missile,Red,Allies,R-27ET,,xu,,387.397605655006,377.806823730469,1.14679703583907,677.010009765625,677.010009765625,387.395207762138,-1.363037109375,4.55970891720174,NaN,18.5539083520162,1.5025665643373,4494.82810501272,4.6837100982666,4.6837100982666,4.6837100982666,7503.84524336159,663.920021226807,8167.7652645884,,,1.17000007629395,0,388.068035506398,388.111662096379
2011-06-01T05:06:55Z,1306904815,22F09,55.4734659,25.7056516,621.84,62.8,-3.6,231,-77406.06,-50960.58,231.6,Weapon+Missile,Red,Allies,R-27ET,,xu,,625.329369637397,603.2939453125,1.84996982119943,621.840759277344,621.840759277344,622.890981096745,-55.1692504882812,0.956651848495767,NaN,11.6307739677779,3.31877653799132,5000,3.28810834884644,3.28810834884644,3.28810834884644,19551.8410265552,609.817468196716,20161.6584947519,,,2.17000007629395,0,1012.08342549334,1014.62435473298
2011-06-01T05:06:56Z,1306904816,22F09,55.4668744,25.7008106,569.28,52.9,-3.4,231,-78073.73,-51489.13,231.6,Weapon+Missile,Red,Allies,R-27ET,,xu,,853.170496784547,820.245788574219,2.52249952484561,569.278442382812,569.278442382812,851.549822045821,-52.5623168945312,0.417172622222253,NaN,9.49232370091692,1.89744127902494,5000,6.04276657104492,6.04276657104492,6.04276657104492,36394.9948291795,558.271443699341,36953.2662728789,,,3.17000007629395,0,1865.04306283336,1869.28148761281
2011-06-01T05:06:57Z,1306904817,22F09,55.4604185,25.695388,514.35,44.5,-3.4,221,-78728.59,-52082.23,221.6,Weapon+Missile,Red,Allies,R-27ET,,xu,,885.233383227577,852.817443847656,2.61565870674045,514.345336914062,514.345336914062,883.527303881494,-54.93310546875,0.833088320664413,NaN,7.96924615751744,6.33737223837611,5000,13.5990676879883,13.5990676879883,13.5990676879883,39181.9071390271,504.400469824829,39686.307608852,,,4.17000007629395,0,2750.34255438502,2756.3587101812
2011-06-01T05:06:58Z,1306904818,22F09,55.4552569,25.6895027,473.84,37.6,-2.1,216.8,-79254.23,-52728.05,217.5,Weapon+Missile,Red,Allies,R-27ET,,xu,,833.678456741062,805.118469238281,2.46218981612654,473.836151123047,473.836151123047,832.693686238048,-40.5091857910156,0.167093717945296,NaN,6.75385497584869,5.90336921190881,5000,4.53168916702271,4.53168916702271,4.53168916702271,34750.988461708,464.674529141083,35215.662990849,,,5.17000007629395,0,3585.39714316544,3592.45990117178
2011-06-01T05:06:59Z,1306904819,22F09,55.4505094,25.6835107,442.77,31,-2.3,214.6,-79738.48,-53386.19,215.3,Weapon+Missile,Red,Allies,R-27ET,,xu,,817.680993263441,790.934204101562,2.41408924211104,442.766143798828,442.766143798828,817.090485435463,-31.0700073242188,0.0412551089871869,NaN,6.46152287937214,2.19780397041813,5000,2.77275705337524,2.77275705337524,2.77275705337524,33430.1103372144,434.205260408478,33864.3155976228,,,6.17000007629395,0,4405.00209327595,4412.71239925297
2011-06-01T05:07:00Z,1306904820,22F09,55.4460853,25.6775505,414.23,25.9,-1.4,213.3,-80190.27,-54041.15,214,Weapon+Missile,Red,Allies,R-27ET,,xu,,796.187014785858,771.36572265625,2.34986862911906,414.228454589844,414.228454589844,795.675412972041,-28.5376892089844,0.0949648947812613,NaN,4.584641536966,1.46442019897253,5000,2.73211455345154,2.73211455345154,2.73211455345154,31695.6881256808,406.219347420349,32101.9074731012,,,7.17000007629395,0,5203.25147355393,5211.52532664674
2011-06-01T05:07:01Z,1306904821,22F09,55.4418206,25.6715871,399.22,21.5,-1.1,212.6,-80626.11,-54696.64,213.3,Weapon+Missile,Red,Allies,R-27ET,,xu,,787.297856760813,763.366027832031,2.32323689270593,399.222290039062,399.222290039062,787.15483247303,-15.0061645507812,0.0516288223553668,NaN,4.4153621285764,0.785049563483395,5000,0.793034791946411,0.793034791946411,0.793034791946411,30991.8957630085,391.503327061157,31383.3990900696,,,8.17000007629395,0,5993.03604918375,6001.50280485381
2011-06-01T05:07:02Z,1306904822,22F09,55.4376513,25.6656762,380.65,17.4,-1.8,212.6,-81052.35,-55346.42,213.3,Weapon+Missile,Red,Allies,R-27ET,,xu,,777.333884113685,754.443420410156,2.29335035763309,380.653076171875,380.653076171875,777.112058642524,-18.5692138671875,0.0526914218999504,NaN,3.90768782794769,0.619692124420414,5000,0.537073612213135,0.537073612213135,0.537073612213135,30212.3983695634,373.293148944092,30585.6915185075,,,9.17000007629395,0,6772.75824540581,6781.49374025238
2011-06-01T05:07:03Z,1306904823,22F09,55.4334951,25.6598691,351.47,14,-2.6,213.4,-81477.2,-55984.71,214.1,Weapon+Missile,Red,Allies,R-27ET,,xu,,767.301726730003,745.782836914062,2.26300266304653,351.467681884766,351.467681884766,766.746472181744,-29.1853942871094,0.125099126129125,NaN,3.0769182588207,0.872589696837068,5000,0.808269500732422,0.808269500732422,0.808269500732422,29437.5969921422,344.672054255524,29782.2690463977,,,10.1700000762939,0,7542.04430866564,7551.37734624753
2011-06-01T05:07:04Z,1306904824,22F09,55.4295883,25.6545282,317.36,11.4,-2.8,213.7,-81876.4,-56571.63,214.4,Weapon+Missile,Red,Allies,R-27ET,,xu,,710.639242104855,692.528930664062,2.09507714732298,317.363067626953,317.363067626953,709.820405247474,-34.1046142578125,0.223559274727092,NaN,2.30772967525055,0.287356303666191,5000,2.06504535675049,2.06504535675049,2.06504535675049,25250.4066209681,311.226852714386,25561.6334736825,,,11.1700000762939,0,8254.19922411583,8264.38571402558
2011-06-01T05:07:05Z,1306904825,22F09,55.4260941,25.6496733,296.52,10.2,-1,211.6,-82233.58,-57105.22,212.3,Weapon+Missile,Red,Allies,R-27ET,,xu,,642.440494547957,627.789184570312,1.8935688876664,296.522277832031,296.522277832031,642.102367629763,-20.8407897949219,0.204770605510788,NaN,1.29232643247977,2.0994964173639,5000,4.12719202041626,4.12719202041626,4.12719202041626,20636.4894517512,290.789019590149,20927.2784713413,,,12.1700000762939,0,8898.41710316256,8908.97159646889
2011-06-01T05:07:06Z,1306904826,22F09,55.4232276,25.6451206,285.27,8.4,-1.1,207.6,-82527.38,-57606.08,208.3,Weapon+Missile,Red,Allies,R-27ET,,xu,,580.774857849762,569.0703125,1.71159343606745,285.269226074219,285.269226074219,580.665828456047,-11.2530517578125,0.13150195831632,NaN,1.67694804502153,3.81965437350905,5000,4.14245939254761,4.14245939254761,4.14245939254761,16864.9717755206,279.753545588074,17144.7253211087,,,13.1700000762939,0,9481.17066355465,9491.86036915032
2011-06-01T05:07:07Z,1306904827,22F09,55.4209501,25.6408565,280.85,7.3,0.5,203.9,-82761.68,-58075.66,204.6,Weapon+Missile,Red,Allies,R-27ET,,xu,,524.809965761415,515.648132324219,1.54658262732385,280.850006103516,280.850006103516,524.791359167954,-4.41921997070312,0.144092574655157,NaN,0.969231163981489,3.98885993047824,5000,4.41125011444092,4.41125011444092,4.41125011444092,13771.2750081249,275.419771235504,14046.6947793604,,,14.1700000762939,0,10008.010274496,10018.7418944945
2011-06-01T05:07:08Z,1306904828,22F09,55.4191519,25.6369085,297.54,6.8,3.4,200.9,-82947.45,-58510.8,201.6,Weapon+Missile,Red,Allies,R-27ET,,xu,,473.435519596752,466.157806396484,1.39544930975976,297.543060302734,297.543060302734,473.141134501481,16.6930541992188,0.160810046993779,NaN,0.738480053061779,3.89659560073559,5000,3.50939583778381,3.50939583778381,3.50939583778381,11207.0595607923,291.790065231781,11498.8496260241,,,15.1700000762939,0,10483.1065248664,10494.1528477137
2011-06-01T05:07:09Z,1306904829,22F09,55.4176975,25.6332109,328.37,5.8,4.6,198.4,-83098.38,-58918.63,199.1,Weapon+Missile,Red,Allies,R-27ET,,xu,,435.944975396332,429.644439697266,1.28539531189616,328.365386962891,328.365386962891,434.85400510121,30.8223266601562,0.194980027889618,NaN,1.04616641479251,2.29032507258489,5000,1.20567870140076,1.20567870140076,1.20567870140076,9502.40107866544,322.016442205963,9824.41752087141,,,16.1700000762939,0,10919.8443684466,10931.9983435889
2011-06-01T05:07:10Z,1306904830,22F09,55.416407,25.6298196,357.16,4.3,2.6,201.7,-83232.45,-59292.71,202.4,Weapon+Missile,Red,Allies,R-27ET,,xu,,398.427017189203,392.946594238281,1.1751565260195,357.156890869141,357.156890869141,397.385376340274,28.79150390625,0.274558943401614,NaN,1.90769915594124,2.98960325490538,3660.84258426522,3.75860118865967,3.75860118865967,3.75860118865967,7937.20440131426,350.251262384186,8287.45566369845,,,17.1700000762939,0,11318.9595935169,11332.1720994128
2011-06-01T05:07:11Z,1306904831,22F09,55.4149338,25.6268593,362,2.4,-0.7,206.9,-83384.3,-59618.84,207.6,Weapon+Missile,Red,Allies,R-27ET,,xu,,359.773995612553,355.038970947266,1.06120817913063,362.000762939453,362.000762939453,359.741386029447,4.8438720703125,0.111680169176984,NaN,1.53848645016703,6.28622650121059,3696.68091651938,3.12884974479675,3.12884974479675,3.12884974479675,6471.86639595106,355.001478188019,6826.86787413908,,,18.1700000762939,0,11680.1442493125,11693.4095950946
2011-06-01T05:07:12Z,1306904832,22F09,55.4133211,25.6242537,352.38,1.4,-2.4,211.8,-83549.7,-59905.51,212.5,Weapon+Missile,Red,Allies,R-27ET,,xu,,331.108042428952,326.783905029297,0.976546932797536,352.380767822266,352.380767822266,330.968263516426,-9.6199951171875,0.151520195475954,NaN,0.969231163981489,5.05360616736048,4189.07734613799,2.54680037498474,2.54680037498474,2.54680037498474,5481.62678805664,345.567485676422,5827.19427373306,,,19.1700000762939,0,12012.3120741397,12025.7352886492
2011-06-01T05:07:13Z,1306904833,22F09,55.4116424,25.6219737,338.31,0.9,-2.9,215.5,-83721.29,-60156.04,216.2,Weapon+Missile,Red,Allies,R-27ET,,xu,,303.979720524244,300.029357910156,0.896393397332167,338.309997558594,338.309997558594,303.653888356768,-14.0707702636719,0.0453362974013738,NaN,0.430793691331044,4.12810571642682,4579.62754537561,2.08891487121582,2.08891487121582,2.08891487121582,4620.18352449988,331.768773755798,4951.95229825568,,,20.1700000762939,0,12316.9535032856,12330.7179721552
2011-06-01T05:07:14Z,1306904834,22F09,55.4099301,25.6199497,322.56,0.3,-3.6,219.8,-83895.94,-60378.16,220.5,Weapon+Missile,Red,Allies,R-27ET,,xu,,282.998006083136,279.397399902344,0.834372183751298,322.5615234375,322.5615234375,282.559475172728,-15.7484741210938,0.102351039055632,NaN,0.569255286185543,4.09441282013797,3567.90933798231,2.28066754341125,2.28066754341125,2.28066754341125,4004.39357235152,316.324796381836,4320.71836873336,,,21.1700000762939,0,12600.3358746042,12614.5522616604
2011-06-01T05:07:15Z,1306904835,22F09,55.4081662,25.6181724,304.34,-0.3,-4.4,224.3,-84075.45,-60572.9,225,Weapon+Missile,Red,Allies,R-27ET,,xu,,265.479623467942,262.224517822266,0.782560477672219,304.344604492188,304.344604492188,264.853873562046,-18.2169189453125,0.437604049568666,NaN,0.569255286185543,4.03402967900683,4311.24267670055,2.04935741424561,2.04935741424561,2.04935741424561,3523.97152383402,298.460101564331,3822.43162539835,,,22.1700000762939,0,12865.8435008489,12880.69711841
2011-06-01T05:07:16Z,1306904836,22F09,55.406417,25.6166112,290.32,0.8,-2.4,226,-84253.18,-60743.71,226.7,Weapon+Missile,Red,Allies,R-27ET,,xu,,246.904598886252,243.954177856445,0.727690705071711,290.316162109375,290.316162109375,246.505747915729,-14.0284423828125,0.128958765032824,NaN,0.646153824729778,2.31245488549573,5000,1.41002237796783,1.41002237796783,1.41002237796783,3048.09404755905,284.70289911499,3332.79694667404,,,23.1700000762939,0,13112.8864300955,13128.149530652
2011-06-01T05:07:17Z,1306904837,22F09,55.4047148,25.6151429,280.13,0.6,-2.5,226.9,-84426.07,-60904.3,227.6,Weapon+Missile,Red,Allies,R-27ET,,xu,,236.186251942072,233.430374145508,0.696020680531926,280.133850097656,280.133850097656,235.966663172025,-10.1823120117188,0.0654053684148213,NaN,0.199987938897973,0.879904082386211,5000,1.0319219827652,1.0319219827652,1.0319219827652,2789.1972803222,274.717462106018,3063.91474242822,,,24.1700000762939,0,13349.3405913911,13364.8333926542
2011-06-01T05:07:18Z,1306904838,22F09,55.4030937,25.6137838,270.34,0.5,-2.4,227.7,-84590.7,-61052.86,228.4,Weapon+Missile,Red,Allies,R-27ET,,xu,,221.972722378147,219.435104370117,0.654062024649129,270.338470458984,270.338470458984,221.756488107339,-9.79537963867188,0.15772828085272,NaN,0.0769304483342635,0.699638528160062,5000,1.09165000915527,1.09165000915527,1.09165000915527,2463.5944739983,265.11147613266,2728.70595013095,,,25.1700000762939,0,13571.5339811639,13587.2521709486
2011-06-01T05:07:19Z,1306904839,22F09,55.4015286,25.6124969,261.64,0.6,-2.2,227.9,-84749.6,-61193.52,228.6,Weapon+Missile,Red,Allies,R-27ET,,xu,,212.387753339039,210.014739990234,0.625757408707061,261.639984130859,261.639984130859,212.209552339201,-8.698486328125,0.0123186873318894,NaN,0.199999998450727,0.406866097925462,5000,1.14134585857391,1.14134585857391,1.14134585857391,2255.42788842022,256.581175037689,2512.00906345791,,,26.1700000762939,0,13784.1508857586,13800.0557948252
2011-06-01T05:07:20Z,1306904840,22F09,55.4000333,25.6112722,254.7,0.7,-1.8,227.8,-84901.41,-61327.36,228.5,Weapon+Missile,Red,Allies,R-27ET,,xu,,202.499210724615,200.27507019043,0.596575927725778,254.699996948242,254.699996948242,202.380253290673,-6.93998718261719,0.00966529585248829,NaN,0.199999998450727,0.339774857255719,5000,1.11890625953674,1.11890625953674,1.11890625953674,2050.2965172046,249.775372507248,2300.07188971185,,,27.1700000762939,0,13986.9186396211,14002.9504816163
2011-06-01T05:07:21Z,1306904841,22F09,55.3986214,25.6101028,249.2,0.7,-1.6,227.4,-85044.77,-61455.17,228.1,Weapon+Missile,Red,Allies,R-27ET,,xu,,192.141016488153,190.055770874023,0.566024766537354,249.202301025391,249.202301025391,192.06234809728,-5.49769592285156,0.0231020187223985,NaN,0.0307631720217374,0.398115131494794,5000,1.03985178470612,1.03985178470612,1.03985178470612,1845.90851085504,244.383974535065,2090.2924853901,,,28.1700000762939,0,14179.3577487962,14195.4757039162
2011-06-01T05:07:22Z,1306904842,22F09,55.3972735,25.608972,244.24,0.7,-1.5,226.9,-85181.65,-61578.79,227.6,Weapon+Missile,Red,Allies,R-27ET,,xu,,184.504083680701,182.527923583984,0.543496731784592,244.24153137207,244.24153137207,184.437381404372,-4.96076965332031,0.0106330154323469,NaN,0,0.620244515969539,5000,1.06868922710419,1.06868922710419,1.06868922710419,1702.08784474275,239.519121362991,1941.60696610574,,,29.1700000762939,0,14364.1668074514,14380.3584770398
2011-06-01T05:07:23Z,1306904843,22F09,55.3960004,25.6078748,239.88,0.6,-1.4,226,-85310.98,-61698.77,226.7,Weapon+Missile,Red,Allies,R-27ET,,xu,,176.465576560421,174.595932006836,0.519791898398883,239.880004882812,239.880004882812,176.411668541186,-4.36152648925781,0.0116683294738631,NaN,0.199987938897973,0.921884079211549,5000,1.05059564113617,1.05059564113617,1.05059564113617,1557.00498554009,235.241924988403,1792.2469105285,,,30.1700000762939,0,14540.9448027903,14557.1969756952
2011-06-01T05:07:24Z,1306904844,22F09,55.3948141,25.6068151,235.77,0.5,-1.4,224.8,-85431.55,-61814.71,225.5,Weapon+Missile,Red,Allies,R-27ET,,xu,,167.324203024784,165.568435668945,0.492842412544922,235.772308349609,235.772308349609,167.273774833565,-4.10769653320312,0.0321156560405848,NaN,0.199987938897973,1.14966779310201,5000,1.01716637611389,1.01716637611389,1.01716637611389,1399.86944589396,231.21365076767,1631.08309666163,,,31.1700000762939,0,14708.5711848223,14724.8799284026
2011-06-01T05:07:25Z,1306904845,22F09,55.3936943,25.6057723,231.38,-0.1,-2.4,223.9,-85545.41,-61928.85,224.6,Weapon+Missile,Red,Allies,R-27ET,,xu,,161.285721814321,159.616500854492,0.475032860049176,231.383071899414,231.383071899414,161.225986319051,-4.38923645019531,0.0638711556970317,NaN,1.18462800964701,1.5559059938715,3665.80371615824,0.317701995372772,0.317701995372772,0.317701995372772,1300.65420305833,226.909280204239,1527.56348326256,,,32.1700000762939,0,14870.1616135841,14886.5358735062
2011-06-01T05:07:26Z,1306904846,22F09,55.3926298,25.6047692,220.45,-1.9,-5.9,223.9,-85653.66,-62038.66,224.6,Weapon+Missile,Red,Allies,R-27ET,,xu,,154.5848112816,153.052597045898,0.45524039301976,220.446151733398,220.446151733398,154.197430770587,-10.9369201660156,0.0682698975690472,NaN,1.73847438906501,3.10308876895584,2556.09879533675,0.0582834258675575,0.0582834258675575,0.0582834258675575,1194.82319394839,216.183825389633,1411.00701933802,,,33.1700000762939,0,15024.7192814979,15041.4854820955
2011-06-01T05:07:27Z,1306904847,22F09,55.3916089,25.6038079,200.93,-3.5,-9.3,223.9,-85757.5,-62143.89,224.6,Weapon+Missile,Red,Allies,R-27ET,,xu,,149.118790976826,147.766052246094,0.439046400642964,200.925384521484,200.925384521484,147.835562263782,-19.5207672119141,0.0616441450998668,NaN,1.33849851126906,3.46193794332503,2456.9500589824,0.0782290548086166,0.0782290548086166,0.0782290548086166,1111.82069111952,197.040492211761,1308.86118333128,,,34.1700000762939,0,15172.8918264029,15190.9432149293
2011-06-01T05:07:28Z,1306904848,22F09,55.3906266,25.6028847,173.3,-4.8,-12.8,224,-85857.41,-62244.96,224.7,Weapon+Missile,Red,Allies,R-27ET,,xu,,144.768072494783,143.631759643555,0.426103584019978,173.304611206055,173.304611206055,142.108717872312,-27.6207733154297,0.0488537499668296,NaN,1.3384438697557,3.44684834790118,2399.24061992792,0.0988250151276588,0.0988250151276588,0.0988250151276588,1047.88974069274,169.953766548386,1217.84350724113,,,35.1700000762939,0,15315.3239323455,15336.032850157
2011-06-01T05:07:29Z,1306904849,22F09,55.3896822,25.6019999,138.14,-5.8,-16.2,224.1,-85953.44,-62341.82,224.8,Weapon+Missile,Red,Allies,R-27ET,,xu,,140.854602374089,139.970840454102,0.414420162511119,138.143844604492,138.143844604492,136.395525960176,-35.1607666015625,0.0475506835747407,NaN,1.01540324277078,3.44753115337477,2356.21645352567,0.113659076392651,0.113659076392651,0.113659076392651,992.000950498134,135.472833369064,1127.4737838672,,,36.1700000762939,0,15452.0345902783,15477.1958628278
2011-06-01T05:07:30Z,1306904850,22F09,55.3887684,25.6011473,95.66,-6.8,-19.6,224.3,-86046.37,-62435.13,225,Weapon+Missile,Red,Allies,R-27ET,,xu,,138.378320081922,137.776489257812,0.406939252074085,95.6623077392578,95.6623077392578,131.696159755183,-42.4815368652344,0.0344533735313181,NaN,0.969231163981489,3.41152922625963,2339.92245704989,0.122464068233967,0.122464068233967,0.122464068233967,957.427973434748,93.8126770191193,1051.24065045387,,,37.1700000762939,0,15584.0280688142,15615.8594774209
2011-06-01T05:07:31Z,1306904851,22F09,55.3878857,25.6003287,46.31,-7.5,-22.9,224.5,-86136.12,-62524.72,225.2,Weapon+Missile,Red,Allies,R-27ET,,xu,,136.081415627873,135.795166015625,0.399961893918415,46.3130760192871,46.3130760192871,126.817999542394,-49.3492317199707,0.0410640784987659,NaN,0.569255286185543,3.36638871947843,2359.42054179121,0.133923009037971,0.133923009037971,0.133923009037971,925.907583964297,45.4176126944542,971.325196658751,,,38.1700000762939,0,15711.1363894879,15752.2128107026
