ISOTime,UnixTime,Id,Longitude,Latitude,Altitude,Roll,Pitch,Yaw,U,V,Heading,Type,Color,Coalition,Name,Group,Country,Pilot,TAS,CAS,M,ASL,AGL,GS,VS,AOA,AOS,RRT,TRT,TRD,G,LatG,LonG,Ek,Ep,Em,FFW,FFV,RelativeTime,Elev,GroundDistance,AirDistance
2011-06-01T05:08:27Z,1306904907,2A40F,55.5142517,25.673498,509.84,89,1.2,170.1,-73353.35,-54568.67,170.8,Weapon+Missile,Red,Allies,R-77,,xu,,295.846874889983,289.993316650391,0.87411378520687,509.836151123047,509.836151123047,NaN,NaN,NaN,NaN,NaN,NaN,NaN,NaN,NaN,NaN,NaN,499.978469141083,NaN,,,0.170000076293945,0,NaN,NaN
2011-06-01T05:08:28Z,1306904908,2A40F,55.5152009,25.6709352,505.7,72,1.4,169.3,-73261.27,-54853.61,170,Weapon+Missile,Red,Allies,R-77,,xu,,299.474319278547,293.623779296875,0.884789800399817,505.699981689453,505.699981689453,299.445754703194,-4.13616943359375,8.53484085752578,NaN,15.9846097523108,8.33838451769073,5000,0.76500529050827,0.76500529050827,0.76500529050827,4484.24339536745,495.922272543488,4980.16566791094,,,1.17000007629395,0,300.764818176429,300.81719932798
2011-06-01T05:08:29Z,1306904909,2A40F,55.516261,25.6675108,490.64,58.6,0.2,171.5,-73159.11,-55234.09,172.2,Weapon+Missile,Red,Allies,R-77,,xu,,394.245659882327,387.008880615234,1.16458974754242,490.641510009766,490.641510009766,393.957970812527,-15.0584716796875,2.12539695694309,NaN,12.6153593970136,2.10559748384001,2345.93221955351,7.38234329223633,7.38234329223633,7.38234329223633,7771.48201680258,481.154956413727,8252.63697321631,,,2.17000007629395,0,696.526138520837,696.895787772953
2011-06-01T05:08:30Z,1306904910,2A40F,55.5168055,25.6629647,486.44,47.5,-1,175.8,-73110.1,-55738.24,176.4,Weapon+Missile,Red,Allies,R-77,,xu,,506.546126651706,494.258361816406,1.49625039870266,486.443054199219,486.443054199219,506.528727116887,-4.19845581054688,0.0395555662123974,NaN,10.5538443809636,4.03821274298664,5000,3.41868114471436,3.41868114471436,3.41868114471436,12829.4489212923,477.037677746277,13306.4865990386,,,3.17000007629395,0,1205.54031007517,1205.96626122864
2011-06-01T05:08:31Z,1306904911,2A40F,55.5171012,25.6573742,472.36,38.4,-1.4,178.4,-73087.36,-56357.78,179.1,Weapon+Missile,Red,Allies,R-77,,xu,,620.116235917571,602.075988769531,1.8314234245124,472.361541748047,472.361541748047,619.956334797592,-14.0815124511719,0.0749399678531568,NaN,8.58461888097891,2.68674242182326,5000,2.40710616111755,2.40710616111755,2.40710616111755,19227.2073024288,463.228431338348,19690.4357337672,,,4.17000007629395,0,1828.57870490055,1829.21058408595
2011-06-01T05:08:32Z,1306904912,2A40F,55.5172169,25.6507268,456.1,31.1,-1,179.3,-73083.98,-57094.2,180,Weapon+Missile,Red,Allies,R-77,,xu,,736.601232393181,713.162170410156,2.17504253520189,456.103820800781,456.103820800781,736.421796304777,-16.2577209472656,0.0845254458189526,NaN,7.0154239003035,0.931703223195383,5000,1.76646673679352,1.76646673679352,1.76646673679352,27129.0687781577,447.285053425598,27576.3538315833,,,5.17000007629395,0,2568.65159643537,2569.51587989948
2011-06-01T05:08:33Z,1306904913,2A40F,55.5173569,25.6431342,445.45,25.1,-0.4,178.5,-73079.37,-57935.32,179.2,Weapon+Missile,Red,Allies,R-77,,xu,,841.205130795892,813.322814941406,2.48361682120534,445.450744628906,445.450744628906,841.137672468313,-10.653076171875,0.102763649374874,NaN,5.58463587296923,0.646203183518701,5000,1.81183016300201,1.81183016300201,1.81183016300201,35381.3036038667,436.837954481506,35818.1415583482,,,6.17000007629395,0,3413.97517291735,3414.96631951778
2011-06-01T05:08:34Z,1306904914,2A40F,55.5176678,25.6347126,434.19,20.2,-1.3,177.8,-73058.59,-58868.46,178.5,Weapon+Missile,Red,Allies,R-77,,xu,,933.43590052611,902.079284667969,2.75557055114156,434.185363769531,434.185363769531,933.367918660741,-11.265380859375,0.161747948258237,NaN,4.52306055140916,0.601260805584282,5000,0.543913424015045,0.543913424015045,0.543913424015045,43565.1290195495,425.790389761047,43990.9194093105,,,7.17000007629395,0,4351.98080952253,4353.10427941116
2011-06-01T05:08:35Z,1306904915,2A40F,55.5179385,25.6266493,409.35,16.4,-1.9,178.7,-73041.41,-59761.87,179.3,Weapon+Missile,Red,Allies,R-77,,xu,,893.924326235448,865.160400390625,2.63818447144217,409.348449707031,409.348449707031,893.579223536084,-24.8369140625,0.0463881478635892,NaN,3.64617354500625,0.817411960266267,5000,0.964853346347809,0.964853346347809,0.964853346347809,39955.035051775,401.433697431946,40356.4687492069,,,8.17000007629395,0,5249.99882388567,5251.52505184352
2011-06-01T05:08:36Z,1306904916,2A40F,55.518098,25.619371,380.22,13.3,-2.4,178.9,-73034.41,-60568.2,179.6,Weapon+Missile,Red,Allies,R-77,,xu,,806.888280105435,782.765625,2.38053240955486,380.223846435547,380.223846435547,806.362483040838,-29.1246032714844,0.0609979195327082,NaN,2.87693031992273,0.599712860602775,5000,0.246627822518349,0.246627822518349,0.246627822518349,32553.4348285754,372.872218364716,32926.3070469401,,,9.17000007629395,0,6060.37435936631,6062.47390955204
2011-06-01T05:08:37Z,1306904917,2A40F,55.5182462,25.6127965,346.9,10.7,-2.8,178.7,-73027.67,-61296.56,179.3,Weapon+Missile,Red,Allies,R-77,,xu,,729.148348688823,709.375854492188,2.15036551003739,346.903076171875,346.903076171875,728.386601101828,-33.3207702636719,0.0679529075439459,NaN,2.4307823633375,0.302127681643828,5000,1.032271027565,1.032271027565,1.032271027565,26582.8657197819,340.195705194092,26923.061424976,,,10.1700000762939,0,6792.3870311669,6795.28624215688
2011-06-01T05:08:38Z,1306904918,2A40F,55.5184057,25.6067878,316.63,8.6,-2.3,178.7,-73019.09,-61962.26,179.3,Weapon+Missile,Red,Allies,R-77,,xu,,666.446453846207,650.229858398438,1.9647734479545,316.629211425781,316.629211425781,665.758491464825,-30.2738647460938,0.0914748381921553,NaN,2.10768709483921,0.191542049803496,5000,1.4095151424408,1.4095151424408,1.4095151424408,22207.5437922092,310.507185622864,22518.0509778321,,,11.1700000762939,0,7461.46577095133,7465.08430119386
2011-06-01T05:08:39Z,1306904919,2A40F,55.5185126,25.6013347,292.32,7,-2.3,179.3,-73015.11,-62566.38,180,Weapon+Missile,Red,Allies,R-77,,xu,,604.623186551585,591.711975097656,1.78201885755167,292.31689453125,292.31689453125,604.134181256956,-24.3123168945312,0.0806544421416081,NaN,1.53848645016703,0.433074761070417,5000,0.951600432395935,0.951600432395935,0.951600432395935,18278.4598857896,286.664947375488,18565.1248331651,,,12.1700000762939,0,8068.60288912422,8072.73696764185
2011-06-01T05:08:40Z,1306904920,2A40F,55.5185809,25.5963068,268.83,5.6,-2.5,178.8,-73014.47,-63123.36,179.4,Weapon+Missile,Red,Allies,R-77,,xu,,557.46817460304,547.141174316406,1.64260054864793,268.826141357422,268.826141357422,556.973024670469,-23.4907531738281,0.168988047750251,NaN,1.3384438697557,1.20855426903127,5000,2.81598901748657,2.81598901748657,2.81598901748657,15538.5382847623,263.628387914276,15802.1666726765,,,13.1700000762939,0,8628.34052537089,8632.99191133604
2011-06-01T05:08:41Z,1306904921,2A40F,55.5188804,25.5917809,250.75,4.5,-1.3,173.4,-72989.98,-63624.98,174,Weapon+Missile,Red,Allies,R-77,,xu,,502.54776366024,494.914703369141,1.48047237136055,250.75,250.75,502.222568064733,-18.0761413574219,0.209965327206069,NaN,1.16921910287946,4.69443725476078,4529.91545543123,5.6904239654541,5.6904239654541,5.6904239654541,12627.7127379954,245.90174875,12873.6144867454,,,14.1700000762939,0,9133.06188267482,9138.05739992994
2011-06-01T05:08:42Z,1306904922,2A40F,55.5196334,25.5877698,244.75,3.6,-0.5,167,-72919.32,-64070.1,167.7,Weapon+Missile,Red,Allies,R-77,,xu,,450.733929579282,445.234252929688,1.3277420610646,244.751541137695,244.751541137695,450.694013456202,-5.99845886230469,0.116614572922731,NaN,0.800006397105253,6.38623839990615,4152.05738759211,4.92563152313232,4.92563152313232,4.92563152313232,10158.0537636991,240.019270089798,10398.0730337889,,,15.1700000762939,0,9585.93333263032,9590.98616378867
2011-06-01T05:08:43Z,1306904923,2A40F,55.5207422,25.5842322,241.96,3,-0.5,161,-72812.31,-64463.18,161.7,Weapon+Missile,Red,Allies,R-77,,xu,,407.389021376728,403.317779541016,1.20002155800845,241.958450317383,241.958450317383,407.379446440242,-2.7930908203125,0.233919344048834,NaN,0.569255286185543,7.11533974946385,2892.35491418277,5.48666095733643,5.48666095733643,5.48666095733643,8298.29073691443,237.280183680496,8535.57092059492,,,16.1700000762939,0,9995.17048806583,10000.2484645962
2011-06-01T05:08:44Z,1306904924,2A40F,55.5221893,25.5812754,238.59,2.5,-0.6,149.9,-72670.59,-64792.28,150.6,Weapon+Missile,Red,Allies,R-77,,xu,,358.334222400485,355.206878662109,1.05548345964587,238.586151123047,238.586151123047,358.318353620777,-3.37229919433594,0.331390651228129,NaN,0.369212705774209,9.62477985194369,1868.07965943246,6.66609954833984,6.66609954833984,6.66609954833984,6420.170747168,233.973087891083,6654.14383505909,,,17.1700000762939,0,10354.9571736985,10360.064507263
2011-06-01T05:08:45Z,1306904925,2A40F,55.5239728,25.5789592,234.68,2.2,-0.9,141,-72494.3,-65050.83,141.6,Weapon+Missile,Red,Allies,R-77,,xu,,312.95617599063,310.168365478516,0.921780432435477,234.683837890625,234.683837890625,312.931845682274,-3.90231323242188,0.313879665598246,NaN,0.199987938897973,8.4198747181982,4137.63973877635,2.54591107368469,2.54591107368469,2.54591107368469,4897.07840453391,230.14622588501,5127.22463041892,,,18.1700000762939,0,10668.8824042794,10674.0256371932
2011-06-01T05:08:46Z,1306904926,2A40F,55.5257463,25.5769905,229.88,1.8,-0.9,145,-72318.57,-65270.86,145.6,Weapon+Missile,Red,Allies,R-77,,xu,,281.637076370202,279.079498291016,0.829488073184031,229.875381469727,229.875381469727,281.59602542153,-4.80845642089844,0.242320263565198,NaN,0.692307974272492,3.01139155835772,1658.85191409336,4.71467971801758,4.71467971801758,4.71467971801758,3965.97213931774,225.430740969009,4191.40288028675,,,19.1700000762939,0,10951.2706199691,10956.4650712386
2011-06-01T05:08:47Z,1306904927,2A40F,55.52698,25.575015,226.89,1.3,-0.5,156.1,-72197.07,-65491.05,156.7,Weapon+Missile,Red,Allies,R-77,,xu,,251.506297918196,249.169784545898,0.74072074442332,226.889999389648,226.889999389648,251.488579037603,-2.98538208007812,0.265825977113894,NaN,0.399975877795947,11.016087678328,1488.54175282236,4.29043388366699,4.29043388366699,4.29043388366699,3162.77089462583,222.50308125145,3385.27397587728,,,20.1700000762939,0,11203.6761405928,11208.8972836601
2011-06-01T05:08:48Z,1306904928,2A40F,55.5277452,25.5730922,225.21,1,-0.4,161.7,-72122.56,-65704.87,162.4,Weapon+Missile,Red,Allies,R-77,,xu,,226.432516206117,224.285934448242,0.666862334938239,225.212295532227,225.212295532227,226.426300824794,-1.67770385742188,0.321258761293748,NaN,0.199987938897973,4.77773525367049,5000,0.996048927307129,0.996048927307129,0.996048927307129,2563.58421977167,220.857815798111,2784.44203556978,,,21.1700000762939,0,11431.0902701475,11436.3256612914
2011-06-01T05:08:49Z,1306904929,2A40F,55.5284584,25.5712866,223.55,0.8,-0.5,158.4,-72053.13,-65905.66,159.1,Weapon+Missile,Red,Allies,R-77,,xu,,212.460560590412,210.432388305664,0.625702012861998,223.550765991211,223.550765991211,212.454063566637,-1.66152954101562,0.0192150307209693,NaN,0.107698422832761,2.29662378766011,3319.7625058591,1.67027795314789,1.67027795314789,1.67027795314789,2256.97449031961,219.228411930771,2476.20290225038,,,22.1700000762939,0,11644.4640859057,11649.7134522877
2011-06-01T05:08:50Z,1306904930,2A40F,55.529261,25.5696025,221.74,0.7,-0.5,154.7,-71974.58,-66093.07,155.3,Weapon+Missile,Red,Allies,R-77,,xu,,203.219486704852,201.277542114258,0.598474518143754,221.736923217773,221.736923217773,203.211391784458,-1.8138427734375,0.0253456457114635,NaN,0.199987938897973,3.82680216647547,2957.31572554156,1.7138329744339,1.7138329744339,1.7138329744339,2064.90798882917,217.449639807358,2282.35762863652,,,23.1700000762939,0,11848.5260736222,11853.7906241648
2011-06-01T05:08:51Z,1306904931,2A40F,55.5301339,25.5680694,220.17,0.6,-0.4,150.6,-71888.77,-66263.85,151.3,Weapon+Missile,Red,Allies,R-77,,xu,,191.13471205786,189.300323486328,0.562875278823029,220.169235229492,220.169235229492,191.128282856862,-1.56768798828125,0.0396850913648551,NaN,0,4.01174021042414,2691.88204430367,1.69730722904205,1.69730722904205,1.69730722904205,1826.62390767206,215.91226306633,2042.53617073838,,,24.1700000762939,0,12040.3875024189,12045.6651038874
2011-06-01T05:08:52Z,1306904932,2A40F,55.5310691,25.5666785,219.03,0.4,-0.3,146.5,-71796.51,-66418.95,147.1,Weapon+Missile,Red,Allies,R-77,,xu,,180.469684539276,178.730178833008,0.531460810906895,219.025390625,219.025390625,180.466059571396,-1.14384460449219,0.0933571266349625,NaN,0.199987938897973,4.1680106697658,2469.13337952797,1.6780971288681,1.6780971288681,1.6780971288681,1628.46535188529,214.790534697266,1843.25588658256,,,25.1700000762939,0,12221.4726843046,12226.7601329309
2011-06-01T05:08:53Z,1306904933,2A40F,55.5320603,25.5654211,218.4,0.3,-0.1,142.3,-71698.48,-66559.32,142.9,Weapon+Missile,Red,Allies,R-77,,xu,,171.211758808531,169.553024291992,0.504193792066692,218.398452758789,218.398452758789,171.210610953944,-0.626937866210938,0.0547831003791786,NaN,0.12310732960031,4.26801573827219,2260.04720967223,1.65428221225739,1.65428221225739,1.65428221225739,1465.67331771554,214.175718674698,1679.84903639024,,,26.1700000762939,0,12393.2290834942,12398.5235659664
2011-06-01T05:08:54Z,1306904934,2A40F,55.5330941,25.5642998,218.18,0.2,0,137.7,-71595.99,-66684.67,138.4,Weapon+Missile,Red,Allies,R-77,,xu,,161.913892956653,160.334686279297,0.476811751308222,218.180755615234,218.180755615234,161.91374660705,-0.217697143554688,0.0280612432954462,NaN,0,4.4665257949885,2013.83079531932,1.64620566368103,1.64620566368103,1.64620566368103,1310.80543661892,213.962230705414,1524.76766732433,,,27.1700000762939,0,12555.5799245522,12560.880109378
2011-06-01T05:08:55Z,1306904935,2A40F,55.5341554,25.5633204,218.23,0.1,0.1,133,-71490.56,-66794.33,133.7,Weapon+Missile,Red,Allies,R-77,,xu,,152.118093748253,150.622619628906,0.44796485658429,218.228454589844,218.228454589844,152.118086269878,0.047698974609375,0.00642890535517303,NaN,0.0461720787892862,4.66777603822246,1848.8976639442,1.62246203422546,1.62246203422546,1.62246203422546,1156.99572228012,214.009007420349,1371.00472970047,,,28.1700000762939,0,12708.0504005428,12713.3558090485
2011-06-01T05:08:56Z,1306904936,2A40F,55.5352309,25.5624788,218.76,-0.1,0.4,128.4,-71383.54,-66888.73,129,Weapon+Missile,Red,Allies,R-77,,xu,,142.712433754254,141.296249389648,0.420269133662607,218.759994506836,218.759994506836,142.711443876722,0.531539916992188,0.094958979006605,NaN,0.199987938897973,4.61484676790991,1824.94759732183,1.54362976551056,1.54362976551056,1.54362976551056,1018.34193740311,214.530270013046,1232.87220741616,,,29.1700000762939,0,12851.0247467432,12856.3360411085
2011-06-01T05:08:57Z,1306904937,2A40F,55.5363086,25.5617603,220.01,-0.3,0.6,124.1,-71276.14,-66969.51,124.7,Weapon+Missile,Red,Allies,R-77,,xu,,134.388746117403,133.040008544922,0.39576257921513,220.009994506836,220.009994506836,134.38293263286,1.25,0.0861600439741935,NaN,0.200042580411333,4.36664708498176,1822.88197416262,1.38735938072205,1.38735938072205,1.38735938072205,903.016754150391,215.756101263046,1118.77285541344,,,30.1700000762939,0,12985.5966930445,12990.9184213212
2011-06-01T05:08:58Z,1306904938,2A40F,55.5373743,25.5611542,220.98,0.1,0.1,120.1,-71169.83,-67037.82,120.8,Weapon+Missile,Red,Allies,R-77,,xu,,126.372050729886,125.09114074707,0.372158248574261,220.984619140625,220.984619140625,126.368292354134,0.974624633789062,0.0731180354201764,NaN,0.369216867920735,3.91044807814603,1970.37154040434,1.18487823009491,1.18487823009491,1.18487823009491,798.494760283839,216.711881529541,1015.20664181338,,,31.1700000762939,0,13112.1068749759,13117.4367308414
2011-06-01T05:08:59Z,1306904939,2A40F,55.5384292,25.5606354,220.72,0.5,-0.4,116.8,-71064.47,-67096.45,117.5,Weapon+Missile,Red,Allies,R-77,,xu,,120.57180342389,119.346801757812,0.355075789101402,220.717681884766,220.717681884766,120.571507933635,-0.266937255859375,0.34359899322024,NaN,0.400000050262306,2.69684320438865,3652.93325122033,0.961041450500488,0.961041450500488,0.961041450500488,726.87798904446,216.450105505524,943.328094549983,,,32.1700000762939,0,13232.7663129659,13238.1006420836
2011-06-01T05:09:00Z,1306904940,2A40F,55.5394441,25.5601733,219.33,1.5,-1.9,116.6,-70963.07,-67148.76,117.2,Weapon+Missile,Red,Allies,R-77,,xu,,114.105953394242,112.949508666992,0.336029018889349,219.329223632812,219.329223632812,114.097505598025,-1.38845825195312,0.0467086513798401,NaN,2.06153828138179,2.24822421342775,1841.76785551449,0.300374120473862,0.300374120473862,0.300374120473862,651.008430000441,215.088493093872,866.096923094313,,,33.1700000762939,0,13346.9359441461,13352.2826538856
2011-06-01T05:09:01Z,1306904941,2A40F,55.5404108,25.5597343,211.26,4.5,-6.6,116.6,-70866.48,-67198.45,117.2,Weapon+Missile,Red,Allies,R-77,,xu,,108.91615624149,107.849662780762,0.320716389138238,211.264602661133,211.264602661133,108.617176261418,-8.06462097167969,0.0316690145017971,NaN,2.90769178439718,4.20402625725928,1347.88998039372,0.114047758281231,0.114047758281231,0.114047758281231,593.136454521038,207.17980156868,800.316256089718,,,34.1700000762939,0,13455.6222885136,13461.2714471836
2011-06-01T05:09:02Z,1306904942,2A40F,55.5413306,25.5593171,195.13,7.1,-11.2,116.5,-70774.58,-67245.66,117.2,Weapon+Missile,Red,Allies,R-77,,xu,,104.578891809858,103.630889892578,0.307888597643755,195.128448486328,195.128448486328,103.3265171223,-16.1361541748047,0.0705372443505497,NaN,2.50769285471278,4.64643255083981,1315.656260228,0.14448370039463,0.14448370039463,0.14448370039463,546.837230608903,191.355639934845,738.192870543748,,,35.1700000762939,0,13559.0156229291,13565.9196111699
2011-06-01T05:09:03Z,1306904943,2A40F,55.542214,25.5589179,171.45,9.2,-15.8,116.4,-70686.3,-67290.86,117.1,Weapon+Missile,Red,Allies,R-77,,xu,,101.95860970592,101.14501953125,0.300093913356086,171.448455810547,171.448455810547,99.1706410185951,-23.6799926757812,0.101140887620498,NaN,1.93846062041569,4.54718904842588,1307.63443035162,0.158580049872398,0.158580049872398,0.158580049872398,519.777904658206,168.13349991745,687.911404575656,,,36.1700000762939,0,13658.2340460599,13667.9274703795
2011-06-01T05:09:04Z,1306904944,2A40F,55.5430682,25.558534,140.52,11,-20.1,116.3,-70600.96,-67334.32,116.9,Weapon+Missile,Red,Allies,R-77,,xu,,100.64188074675,99.9833602905273,0.296114893328695,140.523071289062,137.766691207886,95.7726931460184,-30.9253845214844,0.0346549467764858,NaN,1.53846254450494,4.33312963917721,1340.14878921353,0.178668811917305,0.178668811917305,0.178668811917305,506.439408012154,137.806057705688,644.245465717842,,,37.1700000762939,2.75638008117676,13754.0734006215,13768.6350200846
2011-06-01T05:09:05Z,1306904945,2A40F,55.5438855,25.5581696,103.19,12.3,-24.3,116,-70519.28,-67375.58,116.7,Weapon+Missile,Red,Allies,R-77,,xu,,98.8311388579536,98.356086730957,0.290664653205058,103.189231872559,99.648561000824,91.5083517630102,-37.3338394165039,0.0487965057320211,NaN,1.20000105792142,4.17031841993162,1386.09247203327,0.197214275598526,0.197214275598526,0.197214275598526,488.379700398006,101.194068074303,589.573768472308,,,38.1700000762939,3.54067087173462,13845.6322634867,13867.5145490984
2011-06-01T05:09:06Z,1306904946,2A40F,55.5446809,25.5578189,59.33,13.4,-28.3,115.8,-70439.8,-67415.29,116.4,Weapon+Missile,Red,Allies,R-77,,xu,,99.0889829063325,98.8153762817383,0.291278808146834,59.3269233703613,56.3269233703613,88.8522617960259,-43.8623085021973,0.0777574147715099,NaN,1.09230605018324,4.02052682190454,1477.38024491463,0.215673923492432,0.215673923492432,0.215673923492432,490.931326670573,58.1798373069954,549.111163977568,,,39.1700000762939,3,13934.5372012931,13966.6517846475
