ISOTime,UnixTime,Id,Longitude,Latitude,Altitude,Roll,Pitch,Yaw,U,V,Heading,Type,Color,Coalition,Name,Group,Country,Pilot,TAS,CAS,M,ASL,AGL,GS,VS,AOA,AOS,RRT,TRT,TRD,G,LatG,LonG,Ek,Ep,Em,FFW,FFV,RelativeTime,Elev,GroundDistance,AirDistance
2011-06-01T05:09:05Z,1306904945,2BF09,55.6440701,25.666388,732.18,-37.4,4,252.7,-60331.27,-55496.18,253.3,Weapon+Missile,Red,Allies,R-27ER,,xu,,343.679275105692,334.471710205078,1.01802192376981,732.17919921875,732.17919921875,NaN,NaN,NaN,NaN,NaN,NaN,NaN,NaN,NaN,NaN,NaN,718.022514401855,NaN,,,0.430000066757202,0,NaN,NaN
2011-06-01T05:09:06Z,1306904946,2BF09,55.6403841,25.6654415,750.81,-30.2,6.4,252.6,-60702.34,-55597.21,253.2,Weapon+Missile,Red,Allies,R-27ER,,xu,,385.02455594319,374.509643554688,1.14073529221739,750.809997558594,750.809997558594,384.573532672844,18.6307983398438,2.27942938210739,NaN,6.75386180603786,8.43184393866164,4203.11093108205,4.86198759078979,4.86198759078979,4.86198759078979,7412.19543396253,736.293086255798,8148.48852021833,,,1.4300000667572,0,384.554383823695,385.050083784744
2011-06-01T05:09:07Z,1306904947,2BF09,55.6348726,25.6636198,811.82,-25.9,7,245.4,-61257.66,-55793.29,246,Weapon+Missile,Red,Allies,R-27ER,,xu,,592.073421907125,567.651000976562,1.75539851992132,811.819213867188,811.819213867188,588.921737121516,61.0092163085938,0.270683350236748,NaN,3.70767939848221,6.07651963001051,3505.69666196777,12.2872190475464,12.2872190475464,12.2872190475464,17527.5468464406,796.122689367066,18323.6695358077,,,2.4300000667572,0,973.578211770099,977.296824006624
2011-06-01T05:09:08Z,1306904948,2BF09,55.6278449,25.6599772,901.32,-24.1,4.9,234.9,-61967.28,-56189.44,235.5,Weapon+Missile,Red,Allies,R-27ER,,xu,,817.619070551031,775.039001464844,2.42659614560872,901.322326660156,901.322326660156,812.705443152131,89.5031127929688,0.209039347481382,NaN,1.26154276989053,10.6075518659547,3965.92964764063,18.4570999145508,18.4570999145508,18.4570999145508,33425.0472264366,883.895259474182,34308.9424859108,,,3.4300000667572,0,1787.00745018545,1795.74393048075
2011-06-01T05:09:09Z,1306904949,2BF09,55.6206579,25.6543063,945.54,-23.4,-0.1,222.8,-62695.27,-56810.04,223.5,Weapon+Missile,Red,Allies,R-27ER,,xu,,957.637307087106,904.067565917969,2.8435992107184,945.539245605469,945.539245605469,956.615950109566,44.2169189453125,0.255782157410594,NaN,0.615352232893959,12.4862858971732,4607.12853508854,19.3110485076904,19.3110485076904,19.3110485076904,45853.4605962522,927.257244291687,46780.7178405439,,,4.4300000667572,0,2745.443024945,2755.33754069695
2011-06-01T05:09:10Z,1306904950,2BF09,55.6150378,25.6479182,895.07,-21.8,-5.4,217,-63266.86,-57511.68,217.6,Weapon+Missile,Red,Allies,R-27ER,,xu,,906.399784985084,858.183776855469,2.68989346470407,895.070739746094,895.070739746094,904.99364646241,-50.468505859375,0.343616875635832,NaN,2.4769271213701,6.93916697265442,5000,3.92876815795898,3.92876815795898,3.92876815795898,41078.0285110503,877.764546993103,41955.7930580434,,,5.4300000667572,0,3653.05049910563,3664.47786730388
2011-06-01T05:09:11Z,1306904951,2BF09,55.6094683,25.6416086,797.06,-18.7,-6.5,221.2,-63833.34,-58204.66,221.8,Weapon+Missile,Red,Allies,R-27ER,,xu,,900.399279909571,856.34423828125,2.6690812817504,797.062255859375,797.062255859375,895.049272581069,-98.0084838867188,0.495406283614605,NaN,3.27691302790785,2.53093342713739,5000,4.31113338470459,4.31113338470459,4.31113338470459,40535.9431630837,781.651057142334,41317.594220226,,,6.4300000667572,0,4550.67162231009,4567.55212672752
2011-06-01T05:09:12Z,1306904952,2BF09,55.6036931,25.6356306,705.24,-14.3,-4.4,219,-64420.14,-58860.68,219.6,Weapon+Missile,Red,Allies,R-27ER,,xu,,884.945657590934,845.292663574219,2.62051382806203,705.236145019531,705.236145019531,880.168610129377,-91.8261108398438,0.714013347852563,NaN,5.33845877980904,1.03334017330488,5000,6.79336643218994,6.79336643218994,6.79336643218994,39156.4408444526,691.600404155579,39848.0412486081,,,7.4300000667572,0,5433.15790789329,5454.90635305596
2011-06-01T05:09:13Z,1306904953,2BF09,55.5983673,25.6293085,634.56,-11.8,-4.4,216.2,-64962.28,-59555.25,216.8,Weapon+Missile,Red,Allies,R-27ER,,xu,,883.942327755358,847.021362304688,2.61542857079955,634.563842773438,634.563842773438,881.112628721662,-70.6723022460938,0.143422108846726,NaN,2.84613811959702,3.33871919626388,5000,3.36432909965515,3.36432909965515,3.36432909965515,39067.7019398781,622.294550873413,39689.9964907515,,,8.4300000667572,0,6316.90253370519,6341.56480218403
2011-06-01T05:09:14Z,1306904954,2BF09,55.5932816,25.6229067,576.67,-10.2,-3.8,215.4,-65480.46,-60258.89,216,Weapon+Missile,Red,Allies,R-27ER,,xu,,875.767021851335,841.4462890625,2.58952719698474,576.670776367188,576.670776367188,873.851400081523,-57.89306640625,0.118150373183279,NaN,0.523045641355821,0.897629757303717,5000,0.877476990222931,0.877476990222931,0.877476990222931,38348.3938281178,565.520846906128,38913.914675024,,,9.4300000667572,0,7193.498946074,7220.15390444349
2011-06-01T05:09:15Z,1306904955,2BF09,55.5882594,25.6164512,508.26,-9.9,-4.7,212.9,-65992.38,-60968.53,213.6,Weapon+Missile,Red,Allies,R-27ER,,xu,,877.68595091535,845.848693847656,2.59317795465202,508.257690429688,508.257690429688,875.015587350699,-68.4130859375,0.691264353346215,NaN,0.769239809988931,4.40627968452758,5000,9.09626388549805,9.09626388549805,9.09626388549805,38516.6314217091,498.43052798523,39015.0619496943,,,10.4300000667572,0,8071.30440508266,8100.69569782911
2011-06-01T05:09:16Z,1306904956,2BF09,55.5842112,25.6098815,440.87,-8.6,-3.6,212.3,-66406.66,-61691.85,213,Weapon+Missile,Red,Allies,R-27ER,,xu,,836.275728785595,808.773986816406,2.46893427435233,440.866912841797,440.866912841797,833.555983513991,-67.3907775878906,0.393856829485079,NaN,1.73846755887584,1.40837497501629,5000,11.2233228683472,11.2233228683472,11.2233228683472,34967.8547277939,432.342751082001,35400.1974788759,,,11.4300000667572,0,8907.94983090578,8940.11290757698
2011-06-01T05:09:17Z,1306904957,2BF09,55.5798543,25.6046336,404.8,-7.4,-2.4,219.6,-66850.45,-62268.42,220.2,Weapon+Missile,Red,Allies,R-27ER,,xu,,728.475044979037,706.977600097656,2.14979295990921,404.800750732422,402.785338401794,727.581695143515,-36.066162109375,0.150267954121823,NaN,0.969219211150442,7.45336111573273,5000,6.06487941741943,6.06487941741943,6.06487941741943,26533.7945578605,396.97392821701,26930.7684860775,,,12.4300000667572,2.01541233062744,9637.72748672659,9670.82954944427
2011-06-01T05:09:18Z,1306904958,2BF09,55.5753938,25.6001004,371.78,-7.6,-3.4,224,-67303.8,-62765.71,224.6,Weapon+Missile,Red,Allies,R-27ER,,xu,,673.739740980418,655.691955566406,1.98751868364716,371.782287597656,371.782287597656,672.93017443757,-33.0184631347656,0.132226854015852,NaN,0.400030519309307,4.54069183097791,5000,5.56190490722656,5.56190490722656,5.56190490722656,22696.2619288181,364.593877066956,23060.855805885,,,13.4300000667572,0,10312.3954306127,10346.3460008205
2011-06-01T05:09:19Z,1306904959,2BF09,55.5709219,25.5962647,334.24,-7.2,-3.5,229.5,-67757.52,-63185.72,230.2,Weapon+Missile,Red,Allies,R-27ER,,xu,,619.41641143411,604.824523925781,1.82648743512343,334.239990234375,334.239990234375,618.27766146174,-37.5422973632812,0.064792977346367,NaN,0.369209290679624,5.54429378752337,5000,6.55663871765137,6.55663871765137,6.55663871765137,19183.8345376955,327.777460023193,19511.6119977187,,,14.4300000667572,0,10931.9668426195,10967.0880179684
2011-06-01T05:09:20Z,1306904960,2BF09,55.566415,25.5931578,298.29,-6.8,-3.5,236.2,-68213.9,-63524.96,236.9,Weapon+Missile,Red,Allies,R-27ER,,xu,,569.78318404276,558.270202636719,1.67944796216734,298.293853759766,298.293853759766,568.648179536745,-35.9461364746094,0.102646122355918,NaN,0.538483576427343,6.60823192764943,4707.10304383833,6.88468027114868,6.88468027114868,6.88468027114868,16232.6438408953,292.526342097321,16525.1701829926,,,15.4300000667572,0,11501.4909941106,11537.7736161086
2011-06-01T05:09:21Z,1306904961,2BF09,55.5619348,25.5907819,270.2,-5.9,-2.8,243,-68666.74,-63783.23,243.7,Weapon+Missile,Red,Allies,R-27ER,,xu,,522.074482968816,513.242919921875,1.53833571476187,270.202301025391,270.202301025391,521.318166221099,-28.091552734375,0.111591033900778,NaN,0.784623103547092,6.76518412524762,4490.05609561637,6.05579519271851,6.05579519271851,6.05579519271851,13628.0882883579,264.977939535065,13893.0662278929,,,16.4300000667572,0,12023.2862364744,12060.3477054246
2011-06-01T05:09:22Z,1306904962,2BF09,55.557558,25.5890437,245.65,-5.9,-3.1,248.8,-69108.45,-63970.98,249.5,Weapon+Missile,Red,Allies,R-27ER,,xu,,480.577090711898,473.926635742188,1.41566652614968,245.653839111328,245.653839111328,479.949698546385,-24.5484619140625,0.420163976711003,NaN,0.0461507344481299,4.47441466347986,5000,2.22537207603455,2.22537207603455,2.22537207603455,11547.7170058556,240.904122132111,11788.6211279877,,,17.4300000667572,0,12503.4361067497,12541.1440982981
2011-06-01T05:09:23Z,1306904963,2BF09,55.5534307,25.5875868,221.8,-5.5,-3.1,248.6,-69524.77,-64127.83,249.2,Weapon+Missile,Red,Allies,R-27ER,,xu,,445.525344388627,440.584075927734,1.31205800255791,221.799224853516,221.799224853516,444.886266220048,-23.8546142578125,0.0496295049940134,NaN,0.400030519309307,1.083046021216,5000,1.0096755027771,1.0096755027771,1.0096755027771,9924.64162463024,217.510736840973,10142.1523614712,,,18.4300000667572,0,12948.4268121453,12986.7900153694
2011-06-01T05:09:24Z,1306904964,2BF09,55.5495679,25.5862081,199.43,-5.1,-3.1,248.4,-69914.45,-64276.29,249,Weapon+Missile,Red,Allies,R-27ER,,xu,,417.601709291939,413.880828857422,1.2295125890431,199.432312011719,199.432312011719,417.002288738895,-22.3669128417969,0.0490916218137064,NaN,0.369229781247134,0.254878487358516,5000,1.0621120929718,1.0621120929718,1.0621120929718,8719.55938017746,195.576288258972,8915.13566843643,,,19.4300000667572,0,13365.5254402727,13404.5016792669
2011-06-01T05:09:25Z,1306904965,2BF09,55.5459783,25.5849118,179.12,-4.2,-2.9,248.2,-70276.56,-64415.93,248.8,Weapon+Missile,Red,Allies,R-27ER,,xu,,388.638229900836,385.883422851562,1.14397488715649,179.124603271484,179.124603271484,388.107292776336,-20.3077087402344,0.0121629348399345,NaN,0.969226895113258,0.297230596091488,5000,1.17472171783447,1.17472171783447,1.17472171783447,7551.98368702275,175.66122906723,7727.64491608998,,,20.4300000667572,0,13753.7465403529,13793.2650662114
2011-06-01T05:09:26Z,1306904966,2BF09,55.5426078,25.5836792,161.59,-3.4,-2.6,247.9,-70616.62,-64548.73,248.5,Weapon+Missile,Red,Allies,R-27ER,,xu,,365.489664297125,363.294677734375,1.07562279838651,161.592300415039,161.592300415039,365.068915500314,-17.5323028564453,0.0211620369694391,NaN,0.769184314701925,0.35360294875638,5000,1.14669263362885,1.14669263362885,1.14669263362885,6679.13473540127,158.467913286514,6837.60264868778,,,21.4300000667572,0,14118.9237429239,14158.8726355275
2011-06-01T05:09:27Z,1306904967,2BF09,55.5394751,25.5825177,146.53,-2.8,-2.4,247.6,-70932.72,-64673.92,248.2,Weapon+Missile,Red,Allies,R-27ER,,xu,,340.320441480779,338.460296630859,1.00138023556193,146.529998779297,146.529998779297,339.986955571984,-15.0623016357422,0.0155313864619031,NaN,0.661553339987218,0.3355736239055,5000,1.11163508892059,1.11163508892059,1.11163508892059,5790.90014448363,143.696841252899,5934.59698573653,,,22.4300000667572,0,14459.0024891696,14499.292984169
2011-06-01T05:09:28Z,1306904968,2BF09,55.5365362,25.5814122,133.31,-2.3,-2.3,247.3,-71229.27,-64793.12,248,Weapon+Missile,Red,Allies,R-27ER,,xu,,319.888755583445,318.286560058594,0.941120211256356,133.310760498047,133.310760498047,319.615499761805,-13.21923828125,0.0363207019173242,NaN,0.44618168064426,0.335719379075171,5000,1.086381316185,1.086381316185,1.086381316185,5116.44079743624,130.733196943817,5247.17399438005,,,23.4300000667572,0,14778.716277967,14819.2869525864
2011-06-01T05:09:29Z,1306904969,2BF09,55.53381,25.580371,121.72,-1.8,-2.2,247,-71504.4,-64905.42,247.6,Weapon+Missile,Red,Allies,R-27ER,,xu,,297.386328190926,295.985809326172,0.87480305561816,121.723075866699,121.723075866699,297.160484855853,-11.5876846313477,0.0508795125748591,NaN,0.384592157350962,0.335427815374976,5000,1.07149386405945,1.07149386405945,1.07149386405945,4421.93140974406,119.369560194817,4541.30096993888,,,24.4300000667572,0,15075.9830474762,15116.7854234339
2011-06-01T05:09:30Z,1306904970,2BF09,55.5312133,25.5793635,111.23,-1.5,-2.1,246.6,-71766.48,-65014.11,247.3,Weapon+Missile,Red,Allies,R-27ER,,xu,,283.9241389001,282.681762695312,0.835103241521102,111.232307434082,111.232307434082,283.730259979186,-10.4907684326172,0.0310467697152495,NaN,0.246193741746286,0.338621115574942,5000,1.05688273906708,1.05688273906708,1.05688273906708,4030.64583250816,109.081630769844,4139.72746327801,,,25.4300000667572,0,15359.8057327863,15400.807104212
2011-06-01T05:09:31Z,1306904971,2BF09,55.5287604,25.5783968,101.74,-1.2,-2,246.3,-72014.05,-65118.46,247,Weapon+Missile,Red,Allies,R-27ER,,xu,,268.830215168227,267.734527587891,0.790622873994978,101.735382080078,101.735382080078,268.662414558151,-9.49692535400391,0.0220266865778433,NaN,0.199987938897973,0.353879518056912,5000,1.03900980949402,1.03900980949402,1.03900980949402,3613.48422936977,99.7683284675598,3713.25255783733,,,26.4300000667572,0,15628.5812945082,15669.7548803938
2011-06-01T05:09:32Z,1306904972,2BF09,55.5264395,25.5774672,92.99,-1,-1.9,246,-72248.34,-65218.84,246.6,Weapon+Missile,Red,Allies,R-27ER,,xu,,255.038341426598,254.072845458984,0.749987296318915,92.9899978637695,92.9899978637695,254.888355662904,-8.74538421630859,0.0540168421513843,NaN,0.199987938897973,0.372730493320604,5000,1.02769756317139,1.02769756317139,1.02769756317139,3252.2277798815,91.1920362550735,3343.41981613657,,,27.4300000667572,0,15883.567918751,15924.8953227325
2011-06-01T05:09:33Z,1306904973,2BF09,55.5242274,25.5765655,84.77,-0.8,-1.9,245.6,-72471.68,-65316.23,246.2,Weapon+Missile,Red,Allies,R-27ER,,xu,,243.785779870545,242.93391418457,0.716830542693877,84.7661514282227,84.7661514282227,243.647029156718,-8.22384643554688,0.0317912549849258,NaN,0.199987938897973,0.403242949375034,5000,1.02336895465851,1.02336895465851,1.02336895465851,2971.5753233545,83.127197890358,3054.70252124486,,,28.4300000667572,0,16127.3187832151,16168.788273526
2011-06-01T05:09:34Z,1306904974,2BF09,55.5221182,25.5756888,76.97,-0.7,-1.9,245.2,-72684.64,-65410.98,245.8,Weapon+Missile,Red,Allies,R-27ER,,xu,,233.218119929687,232.469604492188,0.685696967497196,76.9707641601562,76.9707641601562,233.087801913526,-7.79538726806641,0.0384107402874567,NaN,0.0923021092264945,0.419184023928462,5000,1.01825666427612,1.01825666427612,1.01825666427612,2719.5345731769,75.4825344351196,2795.01710761202,,,29.4300000667572,0,16360.50877379,16402.1114800084
2011-06-01T05:09:35Z,1306904975,2BF09,55.5201189,25.574841,69.59,-0.6,-1.9,244.8,-72886.53,-65502.64,245.4,Weapon+Missile,Red,Allies,R-27ER,,xu,,221.845021933216,221.193771362305,0.652203996932693,69.5869216918945,69.5869216918945,221.72210676194,-7.38384246826172,0.0296841136064911,NaN,0.0153836137232786,0.350127262922916,5000,1.01264095306396,1.01264095306396,1.01264095306396,2460.76068782746,68.2414585609817,2529.00214638844,,,30.4300000667572,0,16582.3365634923,16624.0646735387
2011-06-01T05:09:36Z,1306904976,2BF09,55.5181875,25.5740116,62.51,-0.5,-1.9,244.5,-73081.57,-65592.36,245.2,Weapon+Missile,Red,Allies,R-27ER,,xu,,214.803489595083,214.233108520508,0.631452106544799,62.5053825378418,62.5053825378418,214.686727455226,-7.08153915405273,0.035332730920537,NaN,0,0.26906991290651,5000,1.00831151008606,1.00831151008606,1.00831151008606,2307.02695711125,61.2968409664726,2368.32379807772,,,31.4300000667572,0,16797.1314428479,16838.9784792864
2011-06-01T05:09:37Z,1306904977,2BF09,55.5163558,25.5732153,55.82,-0.4,-1.9,244.3,-73266.55,-65678.49,244.9,Weapon+Missile,Red,Allies,R-27ER,,xu,,204.163698776036,203.674697875977,0.600129333844882,55.8169212341309,55.8169212341309,204.054111409941,-6.68846130371094,0.0349329891122732,NaN,0,0.300015418962575,5000,1.00769460201263,1.00769460201263,1.00769460201263,2084.1407948956,54.7377010620689,2138.87849595767,,,32.4300000667572,0,17001.3080435366,17043.2664944815
