ISOTime,UnixTime,Id,Longitude,Latitude,Altitude,Roll,Pitch,Yaw,U,V,Heading,Type,Color,Coalition,Name,Group,Country,Pilot,TAS,CAS,M,ASL,AGL,GS,VS,AOA,AOS,RRT,TRT,TRD,G,LatG,LonG,Ek,Ep,Em,FFW,FFV,RelativeTime,Elev,GroundDistance,AirDistance
2018-07-19T09:01:17Z,1531990877,27B06,40.9250531,44.0007614,2394.52,69.3,-4.1,136,535927.5,-95529.19,130.5,Weapon+Missile,Red,Allies,R-77,,xu,,185.681106742935,166.528244018555,0.560788385673391,2394.52294921875,1455.01025390625,NaN,NaN,NaN,NaN,NaN,NaN,NaN,NaN,NaN,NaN,NaN,2348.22484799561,NaN,,,0.170000076293945,939.5126953125,NaN,NaN
2018-07-19T09:01:18Z,1531990878,27B06,40.9268424,43.9996316,2372.73,56.6,-1.4,135.5,536083.12,-95640.83,130,Weapon+Missile,Red,Allies,R-77,,xu,,192.763334849574,173.171661376953,0.582026957324138,2372.72998046875,1436.52911376953,191.527464806984,-21.79296875,6.11453105578929,NaN,11.4461402941341,1.04349585466135,5000,0.740712463855743,0.740712463855743,0.740712463855743,1857.88516311646,2326.85324629639,4184.73840941284,,,1.17000007629395,936.200866699219,190.648371503927,191.960691416698
2018-07-19T09:01:19Z,1531990879,27B06,40.9296351,43.9978518,2340.77,50,-5.4,132.8,536326.25,-95816.89,127.2,Weapon+Missile,Red,Allies,R-77,,xu,,301.876225382626,274.805786132812,0.911134546110694,2340.76928710938,1426.58666992188,300.179562147808,-31.960693359375,0.945560848413681,NaN,6.03078382955446,2.70804642217476,5000,0.91513991355896,0.91513991355896,0.91513991355896,4556.4627725631,2295.51051294312,6851.97328550622,,,2.17000007629395,914.1826171875,489.419204972287,492.545913819124
2018-07-19T09:01:20Z,1531990880,27B06,40.9336186,43.995273,2295.54,42.8,-6.5,130.7,536673.44,-96072.48,125.1,Weapon+Missile,Red,Allies,R-77,,xu,,433.489750101381,397.048217773438,1.30767263417337,2295.5361328125,1379.05834960938,431.123329449141,-45.233154296875,0.0302555043876849,NaN,6.95384291474666,2.96976859899907,5000,2.18409395217896,2.18409395217896,2.18409395217896,9395.66817214787,2251.15194168457,11646.8201138324,,,3.17000007629395,916.477783203125,918.575815862442,924.234849776389
2018-07-19T09:01:21Z,1531990881,27B06,40.9389902,43.9920844,2227.21,36.9,-7.3,128.2,537138.62,-96385.02,122.7,Weapon+Missile,Red,Allies,R-77,,xu,,564.578759266253,511.984680175781,1.7017377372372,2227.20532226562,1298.77526855469,560.428475137219,-68.330810546875,0.122272619070287,NaN,5.72309746782372,2.90234011773906,5000,3.33140563964844,3.33140563964844,3.33140563964844,15937.4587707311,2184.14230735962,18121.6010780907,,,4.17000007629395,928.430053710938,1476.29573187513,1486.32132917358
2018-07-19T09:01:22Z,1531990882,27B06,40.9458172,43.988441,2134.26,32,-8.1,125,537725.44,-96736.74,119.4,Weapon+Missile,Red,Allies,R-77,,xu,,690.429677545183,622.900268554688,2.07878480430405,2134.263671875,1263.60620117188,684.145444520251,-92.941650390625,0.0766982865215066,NaN,4.861564726675,3.10049735249606,5000,4.19976902008057,4.19976902008057,4.19976902008057,23834.6569817573,2092.9976837793,25927.6546655366,,,5.17000007629395,870.657470703125,2157.07434139291,2173.64559072145
2018-07-19T09:01:23Z,1531990883,27B06,40.954204,43.9844585,2017.47,27.7,-8.4,122,538441.12,-97113.97,116.5,Weapon+Missile,Red,Allies,R-77,,xu,,817.404403344351,737.171569824219,2.45769418203261,2017.46691894531,1199.62158203125,809.016981967509,-116.796752929688,0.0527657690534327,NaN,4.24613736170017,2.77596027375267,5000,3.4743754863739,3.4743754863739,3.4743754863739,33407.4979303367,1978.4591960675,35385.9571264042,,,6.17000007629395,817.845336914062,2961.91620125051,2987.17716579344
2018-07-19T09:01:24Z,1531990884,27B06,40.9639341,43.9802284,1874.65,24.4,-9.4,120.3,539267.31,-97508.14,114.7,Weapon+Missile,Red,Allies,R-77,,xu,,926.474405541482,838.585815429688,2.78095403413131,1874.64685058594,1074.64685058594,915.400050359003,-142.820068359375,0.0601982565020603,NaN,3.0769182588207,2.3753028711436,5000,4.98724603652954,4.98724603652954,4.98724603652954,42917.7412061721,1838.40055372986,44756.141759902,,,7.17000007629395,800,3872.50867297479,3909.17623633591
2018-07-19T09:01:25Z,1531990885,27B06,40.9734817,43.9765639,1716.72,24,-12.1,111.7,540072.88,-97840.82,106.1,Weapon+Missile,Red,Allies,R-77,,xu,,885.746663892452,808.246948242188,2.65378061087567,1716.72143554688,911.931640625,871.554195607679,-157.925415039062,2.34106444669037,NaN,1.50770961776695,3.73646992649428,5000,8.19668102264404,8.19668102264404,8.19668102264404,39227.3576298304,1683.52862659058,40910.886256421,,,8.17000007629395,804.789794921875,4739.32060029701,4790.49711265555
2018-07-19T09:01:26Z,1531990886,27B06,40.9819305,43.9739861,1569.57,18.3,-9.7,114.7,540778.62,-98061.25,109.1,Weapon+Missile,Red,Allies,R-77,,xu,,753.873146369062,695.07861328125,2.25479196567575,1569.57385253906,739.257690429688,739.372916484873,-147.147583007812,0.279465092636068,NaN,5.59999013822341,2.59812776097492,5000,5.20057153701782,5.20057153701782,5.20057153701782,28416.2360408194,1539.22614210022,29955.4621829197,,,9.17000007629395,830.316162109375,5474.46642878217,5540.41063709892
2018-07-19T09:01:27Z,1531990887,27B06,40.9896038,43.971518,1472.65,13.1,-6.2,113.4,541421,-98275.49,107.8,Weapon+Missile,Red,Allies,R-77,,xu,,684.060992902287,635.17138671875,2.04367677893535,1472.65075683594,628.124877929688,677.159771050957,-96.923095703125,0.199338538197204,NaN,5.26154060447094,3.15902246872955,5000,4.72774600982666,4.72774600982666,4.72774600982666,23396.9721005231,1444.17705445251,24841.1491549756,,,10.1700000762939,844.52587890625,6147.80225446325,6220.84542365652
2018-07-19T09:01:28Z,1531990888,27B06,40.9967577,43.969345,1416.03,10.4,-4.9,112.3,542018.62,-98460.96,106.7,Weapon+Missile,Red,Allies,R-77,,xu,,628.299322584167,586.452331542969,1.87584852631377,1416.03149414062,560.81005859375,625.742996646037,-56.6192626953125,0.0489161389646133,NaN,1.53843180865367,1.88330214711278,5000,1.47797083854675,1.47797083854675,1.47797083854675,19738.0019379862,1388.65252520142,21126.6544631876,,,11.1700000762939,855.221435546875,6769.9113265379,6845.665990685
2018-07-19T09:01:29Z,1531990889,27B06,41.0033908,43.9673965,1366.31,9,-5,112.2,542572,-98625.5,106.6,Weapon+Missile,Red,Allies,R-77,,xu,,579.456174056872,543.582153320312,1.72902282848711,1366.3076171875,501.476013183594,577.318797297801,-49.723876953125,0.19093820169612,NaN,1.13845593085773,0.668017046819577,5000,1.76191020011902,1.76191020011902,1.76191020011902,16788.4728826314,1339.89005940918,18128.3629420406,,,12.1700000762939,864.831604003906,7343.90471078448,7421.93381817288
2018-07-19T09:01:30Z,1531990890,27B06,41.009516,43.9656338,1327.7,5.9,-2.6,111.3,543082.62,-98773.35,105.6,Weapon+Missile,Red,Allies,R-77,,xu,,532.999335272274,502.411437988281,1.58968873238157,1327.70300292969,450.73095703125,531.59944992324,-38.6046142578125,0.0750562098341296,NaN,3.60000146621696,2.04424723061108,5000,3.7205376625061,3.7205376625061,3.7205376625061,14204.4145700343,1302.03186536804,15506.4464354023,,,13.1700000762939,876.972045898438,7872.4414228707,7951.98983181249
2018-07-19T09:01:31Z,1531990891,27B06,41.0152027,43.9640778,1316.64,3.5,-0.5,110.7,543555.88,-98901.63,105,Weapon+Missile,Red,Allies,R-77,,xu,,490.452883885163,464.036010742188,1.46260467286889,1316.64001464844,412.626831054688,490.328095872103,-11.06298828125,0.146453800454918,NaN,1.50766863663193,1.85153088185823,5000,1.63425540924072,1.63425540924072,1.63425540924072,12027.2015655637,1291.18277996521,13318.3843455289,,,14.1700000762939,904.01318359375,8359.89544645249,8439.67040094453
2018-07-19T09:01:32Z,1531990892,27B06,41.0204072,43.9626052,1311.37,3.7,-1.4,113.1,543989.5,-99024.39,107.5,Weapon+Missile,Red,Allies,R-77,,xu,,450.697120315456,427.853851318359,1.34396478095837,1311.36999511719,380.627197265625,450.666307987168,-5.27001953125,0.182198752482014,NaN,0.938461588657405,2.90750181976088,5000,3.54793691635132,3.54793691635132,3.54793691635132,10156.3947130322,1286.0146562616,11442.4093692938,,,15.1700000762939,930.742797851562,8807.96923980847,8887.86748935463
2018-07-19T09:01:33Z,1531990893,27B06,41.0249826,43.9609876,1295.44,3.8,-2.6,119.1,544374.25,-99168.2,113.4,Weapon+Missile,Red,Allies,R-77,,xu,,411.057436984683,391.508544921875,1.22553403144717,1295.44458007812,330.905029296875,410.748825508059,-15.9254150390625,0.161571433705268,NaN,0.553846379417994,5.19525916810467,4450.40974742699,3.8641619682312,3.8641619682312,3.8641619682312,8448.41082502082,1270.39715912231,9718.80798414314,,,16.1700000762939,964.53955078125,9216.42691331416,9296.71891132055
2018-07-19T09:01:34Z,1531990894,27B06,41.0289154,43.9592549,1282.31,2.5,-1.6,123.6,544708.75,-99329.81,117.9,Weapon+Missile,Red,Allies,R-77,,xu,,371.726188140141,354.643524169922,1.10810232962261,1282.30993652344,318.472534179688,371.494064673839,-13.1346435546875,0.0941443586003678,NaN,1.12310166560354,4.53662231889305,5000,2.97631907463074,2.97631907463074,2.97631907463074,6909.01794745997,1257.51647390076,8166.53442136072,,,17.1700000762939,963.83740234375,9585.90754049714,9666.50754265711
2018-07-19T09:01:35Z,1531990895,27B06,41.0323522,43.9574865,1274.62,1.4,-0.7,128.1,545003.81,-99499.27,122.4,Weapon+Missile,Red,Allies,R-77,,xu,,340.345981234458,324.439056396484,1.01446860162595,1274.61926269531,316.892700195312,340.259078465977,-7.690673828125,0.382953033818479,NaN,1.36920704177744,3.84057310850268,5000,2.5090229511261,2.5090229511261,2.5090229511261,5791.76934712231,1249.9744992511,7041.74384637341,,,18.1700000762939,957.7265625,9924.42486680069,10005.1800552974
2018-07-19T09:01:36Z,1531990896,27B06,41.0353247,43.9557426,1270.57,1,-0.3,130,545261.38,-99669.65,124.3,Weapon+Missile,Red,Allies,R-77,,xu,,308.844859269456,293.890563964844,0.920530046373979,1270.56921386719,285.893249511719,308.818302892915,-4.050048828125,0.0809528308676286,NaN,0.969231163981489,2.81088153687506,5000,1.7202068567276,1.7202068567276,1.7202068567276,4769.25735485852,1246.00275811707,6015.26011297558,,,19.1700000762939,984.675964355469,10231.7191600073,10312.5623439736
2018-07-19T09:01:37Z,1531990897,27B06,41.0380285,43.9540603,1271.32,0.2,0.6,131.6,545496.69,-99835.29,126,Weapon+Missile,Red,Allies,R-77,,xu,,287.766136695734,273.457702636719,0.857711130696191,1271.31762695312,256.688354492188,287.765163469522,0.7484130859375,0.111248550488581,NaN,0.769243225083516,2.01530302334268,5000,1.82701814174652,1.82701814174652,1.82701814174652,4140.46747143939,1246.73670063599,5387.20417207538,,,20.1700000762939,1014.62927246094,10518.1069245341,10599.0081534481
2018-07-19T09:01:38Z,1531990898,27B06,41.0404871,43.9524349,1277.9,-0.7,2.1,133.9,545711.75,-99996.53,128.2,Weapon+Missile,Red,Allies,R-77,,xu,,268.875936407262,255.13623046875,0.801468477564093,1277.90148925781,246.178588867188,268.795316060446,6.5838623046875,0.0699869378763602,NaN,0.569255286185543,2.92383771126485,5000,1.94390773773193,1.94390773773193,1.94390773773193,3614.71345894411,1253.19326396301,4867.90672290712,,,21.1700000762939,1031.72290039062,10785.6115362913,10866.6472164778
2018-07-19T09:01:39Z,1531990899,27B06,41.0426845,43.9508393,1288.7,0.2,0.9,134.4,545905.5,-100156.52,128.8,Weapon+Missile,Red,Allies,R-77,,xu,,251.497057092942,238.282485961914,0.749759233438011,1288.70458984375,225.486083984375,251.264925415667,10.8031005859375,0.86914844653578,NaN,2.90769007684988,1.24237480448024,5000,0.374374985694885,0.374374985694885,0.374374985694885,3162.53848632053,1263.78748659912,4426.32597291965,,,22.1700000762939,1063.21850585938,11035.7385290037,11117.0576754953
2018-07-19T09:01:40Z,1531990900,27B06,41.0447455,43.9493541,1292.94,-0.5,2.1,136.5,546087.12,-100305.3,130.8,Weapon+Missile,Red,Allies,R-77,,xu,,234.822143716091,222.221923828125,0.700082621690727,1292.93994140625,207.903686523438,234.783945312627,4.2353515625,0.0518241724375267,NaN,1.53848645016703,1.28941826599723,3153.18646250841,2.45025539398193,2.45025539398193,2.45025539398193,2757.07195897102,1267.94094763916,4025.01290661018,,,23.1700000762939,1085.03625488281,11269.4447089574,11350.8495202184
2018-07-19T09:01:41Z,1531990901,27B06,41.0465495,43.9478896,1306.72,-2.1,5.3,140.7,546247.88,-100453.8,135,Weapon+Missile,Red,Allies,R-77,,xu,,219.282880571932,207.204147338867,0.653859432361389,1306.71850585938,230.41845703125,218.849566765701,13.778564453125,0.147186797790316,NaN,1.35385277652325,5.11085852053082,2218.10396907274,2.70561385154724,2.70561385154724,2.70561385154724,2404.2490855962,1281.45310354858,3685.70218914479,,,24.1700000762939,1076.30004882812,11487.3521744496,11569.2364890295
2018-07-19T09:01:42Z,1531990902,27B06,41.0480341,43.9464411,1327.87,-1.8,5.8,146.4,546382.81,-100603.05,140.8,Weapon+Missile,Red,Allies,R-77,,xu,,202.314136370646,190.807510375977,0.603409984251488,1327.86840820312,252.443969726562,201.20559486816,21.14990234375,0.223499394702324,NaN,1.24613343623615,5.03172522946752,2360.16739081826,1.73603141307831,1.73603141307831,1.73603141307831,2046.55048877001,1302.19407253052,3348.74456130053,,,25.1700000762939,1075.42443847656,11687.7410259197,11770.7795335575
2018-07-19T09:01:43Z,1531990903,27B06,41.0492743,43.9449942,1343.2,-0.4,3.5,149.9,546498.19,-100754.04,144.2,Weapon+Missile,Red,Allies,R-77,,xu,,190.637570836546,179.556243896484,0.568685369386598,1343.19848632812,260.887939453125,190.020188714622,15.330078125,0.0932521409783497,NaN,1.27690077040442,4.06578152091093,3398.47163954427,0.991074740886688,0.991074740886688,0.991074740886688,1817.13417072296,1317.22774359497,3134.36191431793,,,26.1700000762939,1082.310546875,11877.0180099864,11960.7158198592
2018-07-19T09:01:44Z,1531990904,27B06,41.0503702,43.94357,1352.32,0.3,2.2,152,546601.69,-100903.63,146.3,Weapon+Missile,Red,Allies,R-77,,xu,,182.13660003108,171.400482177734,0.543383929904412,1352.31994628906,249.839965820312,181.908053804834,9.1214599609375,0.0379384894862497,NaN,0.569230846914919,2.61074824301381,4557.32093896864,0.870453298091888,0.870453298091888,0.870453298091888,1658.68705354407,1326.17284012756,2984.85989367164,,,27.1700000762939,1102.47998046875,12058.2641645574,12142.229604827
2018-07-19T09:01:45Z,1531990905,27B06,41.0513598,43.9421749,1357.39,0.8,0.7,154.6,546696.31,-101050.84,149,Weapon+Missile,Red,Allies,R-77,,xu,,175.066673410238,164.648529052734,0.522322353337109,1357.38842773438,238.970581054688,174.993287399162,5.0684814453125,0.237125899824662,NaN,0.676923079888744,4.01308575769063,1881.94859881485,1.22795724868774,1.22795724868774,1.22795724868774,1532.41700694636,1331.14332248413,2863.56032943049,,,28.1700000762939,1118.41784667969,12232.6530423267,12316.7291511817
2018-07-19T09:01:46Z,1531990906,27B06,41.0521596,43.9408158,1352.29,2.3,-3.9,158.7,546775.38,-101195.53,153.1,Weapon+Missile,Red,Allies,R-77,,xu,,164.965352000517,155.10676574707,0.492155305717483,1352.29382324219,223.62548828125,164.886665214997,-5.0946044921875,0.248965390421442,NaN,0.87692286489606,4.64994198741273,2406.63623116519,0.547706365585327,0.547706365585327,0.547706365585327,1360.67836803272,1326.1472221698,2686.82559020252,,,29.1700000762939,1128.66833496094,12396.9624977946,12481.1524555073
2018-07-19T09:01:47Z,1531990907,27B06,41.0528764,43.93948,1337.67,2.8,-6.7,158.2,546847.44,-101338.3,152.6,Weapon+Missile,Red,Allies,R-77,,xu,,160.589384297678,151.063278198242,0.479018738201521,1337.66772460938,196.978759765625,159.921942171456,-14.6260986328125,0.213625709353764,NaN,0.569230953636625,2.76685584503245,3553.03279932306,0.427040785551071,0.427040785551071,0.427040785551071,1289.44751745537,1311.80391915405,2601.25143660942,,,30.1700000762939,1140.68896484375,12556.3840929244,12641.277056034
2018-07-19T09:01:48Z,1531990908,27B06,41.0535988,43.9381992,1317.03,3.1,-8.8,157.7,546919.44,-101474.89,152,Weapon+Missile,Red,Allies,R-77,,xu,,155.780956946033,146.648239135742,0.464564483559815,1317.03149414062,164.547973632812,154.408071482881,-20.63623046875,0.114390671446375,NaN,0.400000210344865,2.55021313017364,3213.75237990227,0.263554871082306,0.263554871082306,0.263554871082306,1213.38532735109,1291.56669020142,2504.95201755251,,,31.1700000762939,1152.48352050781,12710.2665609992,12796.5687975833
2018-07-19T09:01:49Z,1531990909,27B06,41.0542882,43.9369509,1289.62,3.6,-12.2,159.6,546988.38,-101608.15,153.9,Weapon+Missile,Red,Allies,R-77,,xu,,152.517631586784,143.739364624023,0.454688069540368,1289.61608886719,119.481079101562,150.033407941482,-27.4154052734375,0.452980951423545,NaN,0.600000102073886,2.75704641272384,3214.94881100321,0.549363434314728,0.549363434314728,0.549363434314728,1163.0813972421,1264.68136178894,2427.76275903104,,,32.1700000762939,1170.13500976562,12859.8114990164,12948.635998405
2018-07-19T09:01:50Z,1531990910,27B06,41.0549104,43.9357275,1257.04,3.1,-12.8,160,547051.75,-101739.16,154.3,Weapon+Missile,Red,Allies,R-77,,xu,,149.139652412534,140.750030517578,0.444449701175238,1257.04077148438,73.6737060546875,145.538601818008,-32.5753173828125,0.0551737435456558,NaN,0.630781630229018,1.58957679876726,5000,0.937776625156403,0.937776625156403,0.937776625156403,1112.13179608658,1232.73588816772,2344.8676842543,,,33.1700000762939,1183.36706542969,13004.84513205,13097.3111664387
2018-07-19T09:01:51Z,1531990911,27B06,41.0555156,43.9345308,1224.83,2.5,-12.8,160,547113.38,-101867.37,154.3,Weapon+Missile,Red,Allies,R-77,,xu,,145.846396363214,137.831344604492,0.434473348429086,1224.83068847656,44.903564453125,142.245147139597,-32.2100830078125,0.0354090152074559,NaN,0.569255286185543,0.0484566469995765,5000,0.971387445926666,0.971387445926666,0.971387445926666,1063.55856660679,1201.14858711487,2264.70715372166,,,34.1700000762939,1179.92712402344,13146.620388062,13242.7262098765
2018-07-19T09:01:52Z,1531990912,27B06,41.0561038,43.9333673,1193.49,2.1,-12.8,160,547173.25,-101991.99,154.3,Weapon+Missile,Red,Allies,R-77,,xu,,141.770204912396,134.154907226562,0.422177253054556,1193.48767089844,9.179443359375,138.262092599526,-31.343017578125,0.0279499141460452,NaN,0.461556863352782,0,5000,0.97416877746582,0.97416877746582,0.97416877746582,1004.93955004513,1170.41158678162,2175.35113682675,,,35.1700000762939,1184.30822753906,13284.4606914274,13384.1105747783
2018-07-19T09:01:53Z,1531990913,27B06,41.0566766,43.9322341,1162.94,1.7,-12.8,160,547231.62,-102113.38,154.3,Weapon+Missile,Red,Allies,R-77,,xu,,138.116634985611,130.867614746094,0.411152000406515,1162.94458007812,-39.7069091796875,134.697158332649,-30.5430908203125,0.0301774079119185,NaN,0.399975877795947,0,5000,0.974142253398895,0.974142253398895,0.974142253398895,953.810242987424,1140.45904662231,2094.26928960974,,,36.1700000762939,1202.65148925781,13418.7067809057,13521.811525639
2018-07-19T09:01:54Z,1531990914,27B06,41.0572381,43.9311231,1132.99,1.4,-12.8,160,547288.88,-102232.39,154.3,Weapon+Missile,Red,Allies,R-77,,xu,,135.41676184558,128.47819519043,0.402975331407289,1132.98999023438,-95.86328125,132.062189653342,-29.95458984375,0.0379175269638245,NaN,0.384621612541758,0,5000,0.974076092243195,0.974076092243195,0.974076092243195,916.884969437122,1111.08362877319,2027.96859821032,,,37.1700000762939,1228.85327148438,13550.3179082903,13656.8115333135
2018-07-19T09:01:55Z,1531990915,27B06,41.0577823,43.9300461,1103.95,1.1,-12.8,160,547344.31,-102347.75,154.3,Weapon+Missile,Red,Allies,R-77,,xu,,131.241859463329,124.669975280762,0.39042059600923,1103.94995117188,-148.583862304688,127.988678431495,-29.0400390625,0.033339494636266,NaN,0.323095268498283,0,5000,0.974015295505524,0.974015295505524,0.974015295505524,861.221283769608,1082.60507886597,1943.82636263557,,,38.1700000762939,1252.53381347656,13677.9029584478,13787.6816154299
2018-07-19T09:01:56Z,1531990916,27B06,41.0583139,43.9289939,1075.57,1,-12.8,160,547398.44,-102460.46,154.3,Weapon+Missile,Red,Allies,R-77,,xu,,128.213477194394,121.944763183594,0.38128677153473,1075.56994628906,-194.6591796875,125.033079851409,-28.3800048828125,0.03562843282461,NaN,0.18769359839195,0,5000,0.974451959133148,0.974451959133148,0.974451959133148,821.934786713868,1054.77380137756,1876.70858809143,,,39.1700000762939,1270.22912597656,13802.5463001485,13915.5358162542
