ISOTime,UnixTime,Id,Longitude,Latitude,Altitude,Roll,Pitch,Yaw,U,V,Heading,Type,Color,Coalition,Name,Group,Country,Pilot,TAS,CAS,M,ASL,AGL,GS,VS,AOA,AOS,RRT,TRT,TRD,G,LatG,LonG,Ek,Ep,Em,FFW,FFV,RelativeTime,Elev,GroundDistance,AirDistance
2018-07-19T09:03:52Z,1531991032,3E70E,40.7402327,43.8759582,6579.94,157.3,-2.8,136.7,522413.19,-110811.45,131.3,Weapon+Missile,Red,Allies,R-77,,xu,,233.333897272453,171.905731201172,0.742677273703237,6579.93994140625,5420.36413574219,NaN,NaN,NaN,NaN,NaN,NaN,NaN,NaN,NaN,NaN,NaN,6452.71680263916,NaN,,,0.399999856948853,1159.57580566406,NaN,NaN
2018-07-19T09:03:53Z,1531991033,3E70E,40.7427162,43.8744852,6612.49,128.3,3.5,136.4,522628.25,-110956.3,130.9,Weapon+Missile,Red,Allies,R-77,,xu,,261.330316994088,193.824615478516,0.832145123298875,6612.49267578125,5420.25939941406,259.294917159865,32.552734375,8.61135723660298,NaN,26.3077030223547,7.13329688819487,5000,0.869617223739624,0.869617223739624,0.869617223739624,3414.67672901154,6484.64012989502,9899.31685890656,,,1.39999985694885,1192.23327636719,258.077126304393,260.386860406634
2018-07-19T09:03:54Z,1531991034,3E70E,40.7462296,43.8722019,6650.85,107.3,3.9,135.7,522934.5,-111183.36,130.2,Weapon+Missile,Red,Allies,R-77,,xu,,383.167973297567,293.636108398438,1.22072826868666,6650.849609375,5364.45239257812,381.243283752317,38.35693359375,0.676167784121955,NaN,19.5692023117602,1.07947116423744,5000,2.32131767272949,2.32131767272949,2.32131767272949,7340.88478804827,6522.25543217773,13863.140220226,,,2.39999985694885,1286.39721679688,637.676399707369,642.311807827125
2018-07-19T09:03:55Z,1531991035,3E70E,40.7507151,43.8689579,6675.65,91.7,1.1,134.3,523329.03,-111509.77,128.9,Weapon+Missile,Red,Allies,R-77,,xu,,512.651144117038,389.040679931641,1.63378330990428,6675.65380859375,5193.14978027344,512.050727238645,24.80419921875,0.140623737433907,NaN,14.2923074420351,3.07157619711611,5000,4.00063323974609,4.00063323974609,4.00063323974609,13140.5597782254,6546.58004220459,19687.13982043,,,3.39999985694885,1482.50402832031,1147.560068446,1153.33049017753
2018-07-19T09:03:56Z,1531991036,3E70E,40.7564381,43.8650683,6658.13,80.7,-4.7,132.1,523829.81,-111898.52,126.6,Weapon+Missile,Red,Allies,R-77,,xu,,634.209498347329,471.538726806641,2.02071193380884,6658.126953125,5025.93420410156,633.967268186101,-17.52685546875,0.136629268865364,NaN,10.0615789871025,6.12851871393546,4818.96422846103,8.29688549041748,8.29688549041748,8.29688549041748,20111.0843896985,6529.39206848633,26640.4764581848,,,4.39999985694885,1632.19274902344,1778.78830207402,1785.46155615103
2018-07-19T09:03:57Z,1531991037,3E70E,40.763222,43.8608538,6547.93,73.7,-13.1,129.1,524419.38,-112315.27,123.6,Weapon+Missile,Red,Allies,R-77,,xu,,730.348043129558,538.380249023438,2.32363792599628,6547.92822265625,4668.71472167969,721.986498423793,-110.19873046875,0.0884626131899644,NaN,6.04613809480865,8.97964628672118,4089.07721424316,13.0733366012573,13.0733366012573,13.0733366012573,26670.4132051587,6421.32403047119,33091.7372356299,,,5.39999985694885,1879.21350097656,2497.51349131911,2513.3212755091
2018-07-19T09:03:58Z,1531991038,3E70E,40.7707381,43.8567352,6295.79,70.4,-24.1,125.1,525066.81,-112715.74,119.7,Weapon+Missile,Red,Allies,R-77,,xu,,801.951015279738,593.581909179688,2.54299096401637,6295.78759765625,4682.58386230469,761.282165910126,-252.140625,0.749013350983462,NaN,2.32308394050474,9.49606237571386,5000,11.3171291351318,11.3171291351318,11.3171291351318,32156.2715454102,6174.05854445557,38330.3300898657,,,6.39999985694885,1613.20373535156,3255.24990776958,3312.63107399638
2018-07-19T09:03:59Z,1531991039,3E70E,40.7786999,43.8528157,5912.56,62.5,-27.4,123.5,525748.12,-113090.66,118.1,Weapon+Missile,Red,Allies,R-77,,xu,,866.956882572823,650.047424316406,2.73540450251621,5912.56298828125,3920.22424316406,777.658752287766,-383.224609375,0.0688860908365518,NaN,8.64614522502238,5.3454375255935,5000,2.92010307312012,2.92010307312012,2.92010307312012,37580.7118120193,5798.24358290283,43378.9553949222,,,7.39999985694885,1992.33874511719,4029.10152094778,4176.83835021183
2018-07-19T09:04:00Z,1531991040,3E70E,40.7863587,43.8492596,5519.05,55.1,-29.2,121.9,526401.38,-113427.45,116.4,Weapon+Missile,Red,Allies,R-77,,xu,,833.673168205893,638.6259765625,2.6170439720007,5519.04833984375,3498.13806152344,734.953857634316,-393.5146484375,0.0660007762560264,NaN,6.9846060867684,2.40664212693315,5000,3.04924392700195,3.04924392700195,3.04924392700195,34750.5475693226,5412.33754019287,40162.8851095155,,,8.39999985694885,2020.91027832031,4760.33798600125,5007.81328161092
2018-07-19T09:04:01Z,1531991041,3E70E,40.7935241,43.8461646,5127.58,49.2,-31.4,120.2,527010.06,-113716.7,114.8,Weapon+Missile,Red,Allies,R-77,,xu,,779.37022953256,610.804321289062,2.43435383053941,5127.580078125,3291.36022949219,673.921771979905,-391.46826171875,0.098162164304412,NaN,5.76921490509965,2.65299915288928,5000,2.99272561073303,2.99272561073303,2.99272561073303,30370.8977340817,5028.43831731445,35399.3360513962,,,9.39999985694885,1836.21984863281,5430.8795345295,5784.74584866689
2018-07-19T09:04:02Z,1531991042,3E70E,40.7999652,43.8434051,4734.45,44.1,-35.1,121.7,527557.06,-113974.17,116.3,Weapon+Missile,Red,Allies,R-77,,xu,,721.145370853112,578.473449707031,2.24129943163318,4734.44970703125,2805.19348144531,604.565263000251,-393.13037109375,0.130094856956476,NaN,5.15384218163818,3.6893693688647,5000,5.1092357635498,5.1092357635498,5.1092357635498,26002.5322951436,4642.9091219458,30645.4414170894,,,10.3999998569489,1929.25622558594,6032.36430415702,6503.69997219031
2018-07-19T09:04:03Z,1531991043,3E70E,40.8054592,43.8407427,4332.99,38.1,-38.7,127.2,528027,-114228.04,121.7,Weapon+Missile,Red,Allies,R-77,,xu,,668.173617069516,548.552856445312,2.06623524607304,4332.99462890625,2174.8232421875,534.125268823157,-401.455078125,0.318648226826962,NaN,6.80002705463798,5.25577763235874,5000,6.76208162307739,6.76208162307739,6.76208162307739,22322.799127388,4249.21617775635,26572.0153051444,,,11.3999998569489,2158.17138671875,6563.79615500167,7170.02394360089
2018-07-19T09:04:04Z,1531991044,3E70E,40.8098908,43.8379352,3950.1,29.4,-38.7,135.5,528413,-114506.11,130,Weapon+Missile,Red,Allies,R-77,,xu,,610.679898318073,512.947021484375,1.87948490005469,3950.0966796875,1733.93359375,475.730069150403,-382.89794921875,0.139731304291274,NaN,8.38457630056757,6.2301194853867,5000,6.74551582336426,6.74551582336426,6.74551582336426,18646.4969104886,3873.72156038574,22520.2184708744,,,12.3999998569489,2216.1630859375,7037.38409073513,7779.27573022986
2018-07-19T09:04:05Z,1531991045,3E70E,40.8135001,43.834915,3602.76,21.3,-36.4,142.8,528735.12,-114814.09,137.3,Weapon+Missile,Red,Allies,R-77,,xu,,565.029584005467,484.177612304688,1.73156918482314,3602.7646484375,1544.81079101562,445.666793545515,-347.33203125,0.263175548640782,NaN,8.0769445803502,5.82150939470621,5000,5.83761501312256,5.83761501312256,5.83761501312256,15962.9215400696,3533.10519395996,19496.0267340295,,,13.3999998569489,2057.95385742188,7481.26639212533,8343.10587049932
2018-07-19T09:04:06Z,1531991046,3E70E,40.8165895,43.8317547,3302.31,15.9,-34.2,146.5,529017,-115141.59,141,Weapon+Missile,Red,Allies,R-77,,xu,,526.289811525595,458.718780517578,1.60694257819116,3302.31298828125,1336.19274902344,432.099254367559,-300.45166015625,0.130435996914404,NaN,4.07691259482393,3.76079820654422,5000,2.43854999542236,2.43854999542236,2.43854999542236,13849.0482857823,3238.46276665283,17087.5110524352,,,14.3999998569489,1966.12023925781,7911.74272075687,8868.25512866986
2018-07-19T09:04:07Z,1531991047,3E70E,40.8193056,43.8286658,3022.29,13.1,-34.7,148.7,529268.06,-115464.01,143.2,Weapon+Missile,Red,Allies,R-77,,xu,,495.372594879094,438.268218994141,1.50741526622748,3022.29370117188,1087.35498046875,408.635787228681,-280.019287109375,0.0348682539541111,NaN,2.60000713021373,2.0547104400893,5000,1.54177284240723,1.54177284240723,1.54177284240723,12269.7003878623,2963.85765245972,15233.558040322,,,15.3999998569489,1934.93872070312,8318.93875208399,9362.60709516174
2018-07-19T09:04:08Z,1531991048,3E70E,40.8216932,43.8257093,2753.31,10.9,-35.5,150.5,529491.31,-115774.22,145,Weapon+Missile,Red,Allies,R-77,,xu,,467.360342422409,419.211059570312,1.41757413898202,2753.30615234375,800.280517578125,382.192867862064,-268.987548828125,0.238817374067077,NaN,2.07692392281748,0.976872438115441,5000,0.623062968254089,0.623062968254089,0.623062968254089,10921.2844834596,2700.07097788818,13621.3554613478,,,16.3999998569489,1953.02563476562,8699.83923336398,9829.0520403006
2018-07-19T09:04:09Z,1531991049,3E70E,40.8239955,43.8229659,2494.08,11.1,-36.7,145,529705.5,-116061.41,139.5,Weapon+Missile,Red,Allies,R-77,,xu,,442.209314328541,401.664398193359,1.33713252747801,2494.083984375,549.957397460938,358.263792913127,-259.22216796875,0.261085566903665,NaN,1.33846265277592,5.16003502878127,2783.93236825611,6.55135583877563,6.55135583877563,6.55135583877563,9777.45388394594,2445.86087053711,12223.3147544831,,,17.3999998569489,1944.12658691406,9056.85080146951,10270.366298699
2018-07-19T09:04:10Z,1531991050,3E70E,40.8266187,43.8208883,2252.1,15.7,-38.3,128.6,529938.56,-116272.16,123.1,Weapon+Missile,Red,Allies,R-77,,xu,,396.598940913924,364.708312988281,1.19577054763505,2252.09838867188,373.195922851562,314.219177336855,-241.985595703125,0.353760474041402,NaN,5.32307890134546,11.556326613372,1698.0117296675,8.84566307067871,8.84566307067871,8.84566307067871,7864.53599670231,2208.5540663269,10073.0900630292,,,18.3999998569489,1878.90246582031,9369.70086926915,10665.9734764736
2018-07-19T09:04:11Z,1531991051,3E70E,40.8294988,43.8196563,2035.24,21.6,-38.8,112.6,530183.25,-116386.97,107.1,Weapon+Missile,Red,Allies,R-77,,xu,,346.530145884704,320.907958984375,1.04213251489323,2035.23608398438,263.769409179688,270.284817946736,-216.8623046875,0.746182154341882,NaN,5.67692538903444,10.7132200150567,2475.19006756545,4.9086389541626,4.9086389541626,4.9086389541626,6004.1571003437,1995.88479430054,8000.04189464424,,,19.3999998569489,1771.46667480469,9638.62260980534,11011.5118709877
2018-07-19T09:04:12Z,1531991052,3E70E,40.8323276,43.8188996,1838.66,21.2,-38.9,110.1,530418.81,-116449.38,104.6,Weapon+Missile,Red,Allies,R-77,,xu,,313.089723572092,291.301483154297,0.939389145649304,1838.6630859375,123.996826171875,243.688800410098,-196.572998046875,0.0173987173720424,NaN,1.73847438906501,3.96036267371366,5000,0.916708052158356,0.916708052158356,0.916708052158356,4901.25875032246,1803.1125351709,6704.37128549336,,,20.3999998569489,1714.66625976562,9880.94911640615,11323.5996005138
