ISOTime,UnixTime,Id,Longitude,Latitude,Altitude,Roll,Pitch,Yaw,U,V,Heading,Type,Color,Coalition,Name,Group,Country,Pilot,TAS,CAS,M,ASL,AGL,GS,VS,AOA,AOS,RRT,TRT,TRD,G,LatG,LonG,Ek,Ep,Em,FFW,FFV,RelativeTime,Elev,GroundDistance,AirDistance
2018-07-19T09:01:21Z,1531990881,2800A,41.0159509,43.9412001,1332.58,88.2,-4.8,328.6,543864.38,-101437.55,322.9,Weapon+Missile,Blue,Enemies,R-77,,cn,,228.539852052824,215.822189331055,0.68166647358998,1332.57531738281,354.385131835938,NaN,NaN,7.5860519996994,NaN,19.830771236215,4.8066852906055,NaN,NaN,NaN,NaN,NaN,1306.80997362122,NaN,,,0.879999876022339,978.190185546875,NaN,NaN
2018-07-19T09:01:22Z,1531990882,2800A,41.0135178,43.9432379,1284.94,72.8,-8.6,321.3,543646.88,-101230.23,315.7,Weapon+Missile,Blue,Enemies,R-77,,cn,,304.231720626808,289.248321533203,0.906931437503614,1284.94152832031,278.658874511719,300.479553339487,-47.6337890625,3.43824614029882,NaN,14.1384915819264,6.35388037871321,5000,1.85996770858765,1.85996770858765,1.85996770858765,4627.84699177742,1260.09718387024,5887.94417564766,,,1.87999987602234,1006.28265380859,299.150705296597,302.979953597466
2018-07-19T09:01:23Z,1531990883,2800A,41.0100173,43.9459936,1216.86,61.6,-9,317.5,543336,-100951.51,311.9,Weapon+Missile,Blue,Enemies,R-77,,cn,,423.044747941719,403.811920166016,1.2601251013888,1216.85998535156,173.312255859375,417.530552496541,-68.08154296875,0.111788881380563,NaN,11.3384418713013,3.8226716095749,5000,1.9019011259079,1.9019011259079,1.9019011259079,8948.34293805361,1193.33199753479,10141.6749355884,,,2.87999987602234,1043.54772949219,714.876616381897,724.324144804198
2018-07-19T09:01:24Z,1531990884,2800A,41.0055654,43.9496006,1136.95,52.1,-7.5,318.7,542939.5,-100585.66,313.1,Weapon+Missile,Blue,Enemies,R-77,,cn,,545.384822913516,517.530212402344,1.62303908634224,1136.95385742188,165.379821777344,539.499412218115,-79.9061279296875,0.0503475815614393,NaN,8.69231730381167,1.4582246837868,5000,2.98499631881714,2.98499631881714,2.98499631881714,14872.2302532204,1114.97085458862,15987.201107809,,,3.87999987602234,971.574035644531,1252.03117678589,1267.48756680966
2018-07-19T09:01:25Z,1531990885,2800A,41.0001868,43.9540512,1060.21,44.5,-5.6,319.4,542459.5,-100133.3,313.8,Weapon+Missile,Blue,Enemies,R-77,,cn,,664.017576423261,628.007995605469,1.97433407745355,1060.20532226562,83.9336547851562,659.567285536806,-76.74853515625,0.0791531009965083,NaN,7.21541183920147,1.98613491393555,5000,3.42516469955444,3.42516469955444,3.42516469955444,22045.967089951,1039.70625235962,23085.6733423107,,,4.87999987602234,976.271667480469,1908.74267359639,1928.78092501819
2018-07-19T09:01:26Z,1531990886,2800A,40.9939551,43.9593355,994.99,37.9,-4.3,319.7,541902.12,-99594.98,314.1,Weapon+Missile,Blue,Enemies,R-77,,cn,,777.630436017256,734.758544921875,2.31040335573326,994.986877441406,52.4429321289062,774.890733894204,-65.2184448242188,0.111068299496128,NaN,6.44616861411795,1.19151006556603,5000,1.6692351102829,1.6692351102829,1.6692351102829,30235.4547510194,975.748806166077,31211.2035571854,,,5.87999987602234,942.5439453125,2680.36307829141,2703.27647812553
2018-07-19T09:01:27Z,1531990887,2800A,40.9868236,43.9653908,927.86,31.6,-4.2,319.7,541264.25,-98977.98,314.1,Weapon+Missile,Blue,Enemies,R-77,,cn,,889.982916421631,841.587890625,2.64216956351437,927.862243652344,50.3843994140625,887.44795625492,-67.1246337890625,0.154816249941786,NaN,5.76921490509965,0.66940709703738,5000,2.32443690299988,2.32443690299988,2.32443690299988,39603.4795761175,909.922027171326,40513.4016032889,,,6.87999987602234,877.477844238281,3564.05729013089,3589.64921052699
2018-07-19T09:01:28Z,1531990888,2800A,40.9797174,43.9716124,868.25,26.5,-3.5,321.7,540626.75,-98342.27,316.1,Weapon+Missile,Blue,Enemies,R-77,,cn,,902.273598013967,855.358215332031,2.67682348103845,868.254638671875,29.5338134765625,900.302493110822,-59.6076049804688,0.139932160974512,NaN,5.10772474436226,1.53838111584343,5000,3.31881070137024,3.31881070137024,3.31881070137024,40704.8822836535,851.466935233154,41556.3492188867,,,7.87999987602234,838.720825195312,4460.61999220377,4488.31718174239
2018-07-19T09:01:29Z,1531990889,2800A,40.973554,43.9774085,816.15,21.8,-3.8,323.3,540069.56,-97746.41,317.7,Weapon+Missile,Blue,Enemies,R-77,,cn,,817.442037593376,777.798706054688,2.42369922685627,816.153869628906,12.7792358398438,815.779991596963,-52.1007690429688,0.027342494067035,NaN,4.58458689545264,1.81532682383234,5000,2.82011342048645,2.82011342048645,2.82011342048645,33410.5742412405,800.373534559631,34210.9477758001,,,8.87999987602234,803.374633789062,5273.08887758606,5302.56193567894
