ISOTime,UnixTime,Id,Longitude,Latitude,Altitude,Roll,Pitch,Yaw,U,V,Heading,Type,Color,Coalition,Name,Group,Country,Pilot,TAS,CAS,M,ASL,AGL,GS,VS,AOA,AOS,RRT,TRT,TRD,G,LatG,LonG,Ek,Ep,Em,FFW,FFV,RelativeTime,Elev,GroundDistance,AirDistance
2018-07-19T09:02:09Z,1531990929,3610B,41.1609916,43.9320192,1450.72,-71.9,0.9,292.2,555609.75,-101309.27,286.5,Weapon+Missile,Blue,Enemies,R-77,,cn,,270.393284473821,254.746505737305,0.807611251864838,1450.71606445312,549.010192871094,NaN,NaN,8.45556871098922,NaN,16.2461650163873,2.44340821369562,NaN,NaN,NaN,NaN,NaN,1422.66646934692,NaN,,,0.789999961853027,901.705871582031,NaN,NaN
2018-07-19T09:02:10Z,1531990930,3610B,41.1574436,43.9334741,1437.46,-63.7,-1.5,293.1,555308.75,-101175.97,287.3,Weapon+Missile,Blue,Enemies,R-77,,cn,,329.461536705165,311.890777587891,0.983884564532474,1437.45532226562,528.921447753906,329.194557799435,-13.2607421875,5.14444093490993,NaN,5.75386063984546,1.99435077773343,5000,0.375850588083267,0.375850588083267,0.375850588083267,5427.24520840645,1409.66212360962,6836.90733201607,,,1.78999996185303,908.533874511719,327.316887410355,327.659444289136
2018-07-19T09:02:11Z,1531990931,3610B,41.1525599,43.9353036,1412.29,-56.3,-3.5,299.5,554896.5,-101011.67,293.8,Weapon+Missile,Blue,Enemies,R-77,,cn,,444.495924242138,420.570190429688,1.32702797256476,1412.29382324219,476.493286132812,443.783196656617,-25.1614990234375,0.174403084626242,NaN,7.5230982009322,5.58053391748581,5000,3.37298607826233,3.37298607826233,3.37298607826233,9878.8313333936,1384.9871221698,11263.8184555634,,,2.78999996185303,935.800537109375,768.618524851385,769.776237574389
2018-07-19T09:02:12Z,1531990932,3610B,41.1466116,43.9379069,1372.76,-48.8,-4.5,301.9,554390.12,-100769.9,296.1,Weapon+Missile,Blue,Enemies,R-77,,cn,,562.523903050647,528.164733886719,1.67862490580189,1372.75769042969,427.884399414062,561.132814675426,-39.5361328125,0.0620076005516189,NaN,7.29234025982332,2.97398986934955,5000,0.231242895126343,0.231242895126343,0.231242895126343,15821.6570751667,1346.21542048523,17167.8724956519,,,3.78999996185303,944.873291015625,1326.60562617621,1329.28376973163
2018-07-19T09:02:13Z,1531990933,3610B,41.1394015,43.9410967,1314.39,-41.6,-4.7,300.9,553776.12,-100472.95,295.2,Weapon+Missile,Blue,Enemies,R-77,,cn,,684.528329179086,639.902709960938,2.04131375587242,1314.39233398438,347.308837890625,682.035569905062,-58.3653564453125,0.301938545184866,NaN,7.43078819429948,0.746460488776704,5000,3.17724967002869,3.17724967002869,3.17724967002869,23428.9516724356,1288.97855820679,24717.9302306423,,,4.78999996185303,967.08349609375,2004.92661079177,2010.25347878377
2018-07-19T09:02:14Z,1531990934,3610B,41.1310754,43.94483,1267.92,-34.4,-2.9,306.3,553066.56,-100124.48,300.6,Weapon+Missile,Blue,Enemies,R-77,,cn,,791.876672911288,739.006408691406,2.36016207241338,1267.92456054688,302.098449707031,790.512119535692,-46.4677734375,1.0930422213272,NaN,5.29231743687102,3.28648959345444,5000,8.55025672912598,8.55025672912598,8.55025672912598,31353.4332550526,1243.4092391687,32596.8424942213,,,5.78999996185303,965.826110839844,2791.10765619515,2797.96545520831
2018-07-19T09:02:15Z,1531990935,3610B,41.122429,43.9496491,1221.82,-29.4,-3.1,308.1,552319.44,-99657.85,302.4,Weapon+Missile,Blue,Enemies,R-77,,cn,,882.081347717537,823.238159179688,2.62761020452185,1221.82080078125,241.785034179688,880.875670754199,-46.103759765625,0.0581555813901669,NaN,4.90769582432926,3.87953293441526,5000,0.938409447669983,0.938409447669983,0.938409447669983,38903.3751995593,1198.19689559814,40101.5720951575,,,6.78999996185303,980.035766601562,3667.48073609196,3675.72121068418
2018-07-19T09:02:16Z,1531990936,3610B,41.1135122,43.9546919,1170.81,-25,-3.3,308.1,551548.25,-99168.42,302.4,Weapon+Missile,Blue,Enemies,R-77,,cn,,914.807747131123,855.294921875,2.72348996801586,1170.81457519531,154.328369140625,913.384683012912,-51.0062255859375,0.0276535152921597,NaN,4.21539809534052,0.229211276787843,5000,0.705993592739105,0.705993592739105,0.705993592739105,41843.6607105561,1148.17687538391,42991.83758594,,,7.78999996185303,1016.48620605469,4576.21053187814,4586.05152711137
2018-07-19T09:02:17Z,1531990937,3610B,41.1053735,43.9592955,1121.53,-21.3,-3.5,308.1,550844.5,-98721.56,302.4,Weapon+Missile,Blue,Enemies,R-77,,cn,,835.090482170739,783.611206054688,2.48474643515135,1121.5322265625,70.834716796875,833.635030169313,-49.2823486328125,0.0398120702181117,NaN,3.6769333019334,0.200525442769142,5000,0.743203401565552,0.743203401565552,0.743203401565552,34868.8056706078,1099.84740096191,35968.6530715698,,,8.78999996185303,1050.69750976562,5405.65468687457,5417.10726669146
2018-07-19T09:02:18Z,1531990938,3610B,41.0979367,43.9635021,1074.14,-18.1,-3.7,308.1,550201.44,-98313.18,302.4,Weapon+Missile,Blue,Enemies,R-77,,cn,,763.250890731067,718.951171875,2.26975098175125,1074.14001464844,58.8704833984375,761.778117598333,-47.3922119140625,0.0600938101604149,NaN,3.07694899467197,0.200769248505999,5000,0.75816011428833,0.75816011428833,0.75816011428833,29127.5961100884,1053.37151746521,30180.9676275536,,,9.78999996185303,1015.26953125,6163.52918727679,6176.59230614649
2018-07-19T09:02:19Z,1531990939,3610B,41.0911328,43.9673505,1028.59,-15.4,-3.9,308.1,549613.25,-97939.51,302.4,Weapon+Missile,Blue,Enemies,R-77,,cn,,698.333739891257,660.462280273438,2.07560998468293,1028.58996582031,-75.677490234375,696.846615348217,-45.550048828125,0.0769797802847974,NaN,2.50769712358101,0.193068316938516,5000,0.749850213527679,0.749850213527679,0.749850213527679,24383.5006135255,1008.70217883118,25392.2027923567,,,10.789999961853,1104.26745605469,6856.86696711168,6871.53876361661
2018-07-19T09:02:20Z,1531990940,3610B,41.0849304,43.970859,984.8,-13.2,-4.1,308.1,549077.06,-97598.81,302.4,Weapon+Missile,Blue,Enemies,R-77,,cn,,636.779207934178,604.877563476562,1.89170095471845,984.801513671875,-98.2894287109375,635.271856070866,-43.7884521484375,0.0470172615624761,NaN,2.10766489672441,0.227282388677549,5000,0.588030278682709,0.588030278682709,0.588030278682709,20274.3879828639,965.760376405029,21240.148359269,,,11.789999961853,1083.09094238281,7488.91060531728,7505.1969545868
2018-07-19T09:02:21Z,1531990941,3610B,41.0791927,43.9741059,940.37,-11.8,-4.9,308.2,548581.19,-97283.46,302.5,Weapon+Missile,Blue,Enemies,R-77,,cn,,589.332374679485,562.162048339844,1.74985396715397,940.371520996094,-93.5186157226562,587.655191073976,-44.4299926757812,0.191505207816425,NaN,1.06152921778316,0.399464494062268,5000,0.481207102537155,0.481207102537155,0.481207102537155,17365.6323922681,922.189437637634,18287.8218299057,,,12.789999961853,1033.89013671875,8073.65854765242,8091.71839161201
2018-07-19T09:02:22Z,1531990942,3610B,41.0739295,43.9770863,895.03,-9.6,-4.5,308.1,548126.25,-96993.94,302.5,Weapon+Missile,Blue,Enemies,R-77,,cn,,541.154204077966,518.601379394531,1.60596514555382,895.029235839844,-145.054626464844,539.251286292454,-45.34228515625,0.0518949183610674,NaN,2.292320768483,0.0242283218322616,5000,1.55434238910675,1.55434238910675,1.55434238910675,14642.3936295629,877.72384556488,15520.1174751277,,,13.789999961853,1040.08386230469,8610.17963354606,8630.22896604209
2018-07-19T09:02:23Z,1531990943,3610B,41.0690963,43.9798196,858.65,-7.7,-3.9,308.1,547708.56,-96728.45,302.4,Weapon+Missile,Blue,Enemies,R-77,,cn,,496.258343017448,477.659454345703,1.47211387260598,858.650756835938,-215.180419921875,494.923175129015,-36.3784790039062,0.0452240050980612,NaN,1.73846585132854,0.540956478432858,5000,1.41641271114349,1.41641271114349,1.41641271114349,12313.6171507211,842.048744452515,13155.6658951737,,,14.789999961853,1073.83117675781,9102.5976946305,9124.05648074266
2018-07-19T09:02:24Z,1531990944,3610B,41.0646473,43.9823334,829.1,-6.3,-3.5,308.1,547324.19,-96484.27,302.4,Weapon+Missile,Blue,Enemies,R-77,,cn,,456.330246464664,440.927459716797,1.35321100381754,829.099975585938,-277.351684570312,455.372424687767,-29.55078125,0.0289309988261714,NaN,1.44614229258846,0.453922205964588,5000,1.30715394020081,1.30715394020081,1.30715394020081,10411.864691925,813.069327557983,11224.934019483,,,15.789999961853,1106.45166015625,9555.71122609163,9578.19242213019
2018-07-19T09:02:25Z,1531990945,3610B,41.0605686,43.9846364,804.91,-5.1,-3.1,308.1,546971.81,-96260.59,302.4,Weapon+Missile,Blue,Enemies,R-77,,cn,,418.074124130602,405.29345703125,1.23942150207415,804.908447265625,-269.5029296875,417.373625454577,-24.1915283203125,0.0588453893395171,NaN,1.10771837204538,0.350406580307373,5000,1.23188817501068,1.23188817501068,1.23188817501068,8739.29866337851,789.345542437744,9528.64420581625,,,16.789999961853,1074.41137695312,9970.98890488917,9994.22723388371
2018-07-19T09:02:26Z,1531990946,3610B,41.0568223,43.9867506,784.86,-4.1,-2.8,308.1,546648.19,-96055.26,302.4,Weapon+Missile,Blue,Enemies,R-77,,cn,,383.794365119023,372.861541748047,1.13753422877557,784.855346679688,-273.417114257812,383.270123873495,-20.0531005859375,0.0525098485824183,NaN,0.969226895113258,0.284791327509014,5000,1.17040884494781,1.17040884494781,1.17040884494781,7364.90573485568,769.680168551636,8134.58590340732,,,17.789999961853,1058.2724609375,10352.3419516946,10376.1546146426
2018-07-19T09:02:27Z,1531990947,3610B,41.0534075,43.9886769,768.16,-3.3,-2.6,308,546353.25,-95868.17,302.4,Weapon+Missile,Blue,Enemies,R-77,,cn,,349.668467080794,339.908966064453,1.0361896326049,768.159240722656,-246.48486328125,349.269633544779,-16.6961059570312,0.038301390112332,NaN,0.76921376989272,0.250620504741248,5000,1.12598729133606,1.12598729133606,1.12598729133606,6113.40184353162,753.306881803284,6866.7087253349,,,18.789999961853,1014.64410400391,10699.8799859916,10724.1357297065
2018-07-19T09:02:28Z,1531990948,3610B,41.0502866,43.9904368,754.07,-2.7,-2.4,308,546083.62,-95697.23,302.4,Weapon+Missile,Blue,Enemies,R-77,,cn,,319.559636068036,310.492065429688,0.946813846317883,754.073059082031,-245.259948730469,319.249025825801,-14.086181640625,0.0497812843905067,NaN,0.569230099862978,0.169598492949669,5000,1.09291064739227,1.09291064739227,1.09291064739227,5105.91805019677,739.49305648468,5845.41110668145,,,19.789999961853,999.3330078125,11017.4660390349,11042.0718788199
2018-07-19T09:02:29Z,1531990949,3610B,41.0473858,43.9920722,741.86,-2.2,-2.3,308,545833.12,-95538.39,302.4,Weapon+Missile,Blue,Enemies,R-77,,cn,,296.864208267046,288.332550048828,0.879447160731581,741.856140136719,-267.800476074219,296.612718947627,-12.2169189453125,0.0485488417700954,NaN,0.384592157350962,0.150982345459337,5000,1.07042753696442,1.07042753696442,1.07042753696442,4406.41790750101,727.512351667175,5133.93025916819,,,20.789999961853,1009.65661621094,11312.6183423399,11337.5114976763
