ISOTime,UnixTime,Id,Longitude,Latitude,Altitude,Roll,Pitch,Yaw,U,V,Heading,Type,Color,Coalition,Name,Group,Country,Pilot,TAS,CAS,M,ASL,AGL,GS,VS,AOA,AOS,RRT,TRT,TRD,G,LatG,LonG,Ek,Ep,Em,FFW,FFV,RelativeTime,Elev,GroundDistance,AirDistance
2018-07-19T09:02:37Z,1531990957,3AA07,40.9740434,43.8834843,4428.49,125.2,-1.9,51,541123.06,-108177.88,45.4,Weapon+Missile,Blue,Enemies,AIM-120B,,us,,300.465989325329,249.831100463867,0.930259106298156,4428.494140625,2996.43322753906,NaN,NaN,NaN,NaN,NaN,NaN,NaN,NaN,NaN,NaN,NaN,4342.86920641602,NaN,,,0.279999971389771,1432.06091308594,NaN,NaN
2018-07-19T09:02:38Z,1531990958,3AA07,40.9768105,43.8854113,4429.62,102,2.6,50.6,541324.56,-107942.2,45,Weapon+Missile,Blue,Enemies,AIM-120B,,us,,310.078114876683,258.365478515625,0.96003231661402,4429.6220703125,2853.95971679688,310.076063410412,1.1279296875,4.87924269485138,NaN,21.1230976686948,3.09173965695231,5000,1.38998055458069,1.38998055458069,1.38998055458069,4807.42186627388,4343.97532758301,9151.39719385689,,,1.27999997138977,1575.66235351562,308.709995890041,308.926427086407
2018-07-19T09:02:39Z,1531990959,3AA07,40.9806112,43.8879944,4439.19,86.1,0.4,48.8,541602.12,-107625.54,43.2,Weapon+Missile,Blue,Enemies,AIM-120B,,us,,421.199086077888,355.108306884766,1.30422991462434,4439.19287109375,2787.44091796875,421.090334590161,9.57080078125,0.903401221815367,NaN,14.8000363841771,2.3279047733983,5000,2.15638971328735,2.15638971328735,2.15638971328735,8870.43350564242,4353.36107693115,13223.7945825736,,,2.27999997138977,1651.751953125,727.832845293337,728.449858132445
2018-07-19T09:02:40Z,1531990960,3AA07,40.9855527,43.8912557,4418.92,74.5,-5.1,46.4,541963.88,-107224.59,40.8,Weapon+Missile,Blue,Enemies,AIM-120B,,us,,540.405053469123,449.090942382812,1.67292313121112,4418.916015625,2778.75329589844,540.024509580135,-20.27685546875,0.194011033102537,NaN,10.4769091301526,6.0370957781212,4065.09568844086,7.24051189422607,7.24051189422607,7.24051189422607,14601.8810907483,4333.47627446289,18935.3573652112,,,3.27999997138977,1640.16271972656,1265.39063024416,1266.76295340627
2018-07-19T09:02:41Z,1531990961,3AA07,40.991125,43.8953185,4315.22,66.8,-13.8,42.9,542367.69,-106729.62,37.3,Weapon+Missile,Blue,Enemies,AIM-120B,,us,,647.151059680424,532.895690917969,2.0007820487949,4315.21630859375,2719.29711914062,638.788591638211,-103.69970703125,0.0581527652165282,NaN,6.7076828970594,8.7926425374354,4066.67215401018,10.2335348129272,10.2335348129272,10.2335348129272,20940.2247022748,4231.78160126709,25172.0063035419,,,4.27999997138977,1595.91918945312,1901.29102978594,1911.49303231825
2018-07-19T09:02:42Z,1531990962,3AA07,40.9967709,43.9000337,4095.43,59.2,-19.1,39.5,542770.25,-106161.59,33.9,Weapon+Missile,Blue,Enemies,AIM-120B,,us,,730.090672152954,602.365356445312,2.25104184283072,4095.4267578125,2405.0244140625,696.221906386268,-219.78955078125,0.139666272303752,NaN,9.39997954333835,5.9079155565751,5000,3.08853554725647,3.08853554725647,3.08853554725647,26651.6194782376,4016.2416814502,30667.8611596878,,,5.27999997138977,1690.40234375,2594.55012232975,2639.19461076274
2018-07-19T09:02:43Z,1531990963,3AA07,41.0025077,43.9052171,3836.91,49.8,-19.3,38,543175.06,-105540.77,32.4,Weapon+Missile,Blue,Enemies,AIM-120B,,us,,784.934138252944,652.716369628906,2.41241315564789,3836.91064453125,2240.0615234375,741.141700735323,-258.51611328125,0.517301129950253,NaN,9.10770208837516,2.75788140334988,5000,3.81146502494812,3.81146502494812,3.81146502494812,30806.0800697446,3762.72397721924,34568.8040469638,,,6.27999997138977,1596.84912109375,3332.56917449885,3421.61413272952
2018-07-19T09:02:44Z,1531990964,3AA07,41.0081969,43.9108871,3562.11,41.7,-19.1,36.4,543570.56,-104866.23,30.8,Weapon+Missile,Blue,Enemies,AIM-120B,,us,,828.817631456999,696.251281738281,2.53869991770704,3562.10986328125,2055.62573242188,781.935545194346,-274.80078125,0.3381473844417,NaN,10.4615548648984,0.916935180271052,5000,2.09913516044617,2.09913516044617,2.09913516044617,34346.9333106995,3493.23646907471,37840.1697797742,,,7.27999997138977,1506.48413085938,4111.40073606429,4247.93001780343
2018-07-19T09:02:45Z,1531990965,3AA07,41.0143379,43.9168504,3280.04,34.2,-18.7,36.5,543999.06,-104155.55,30.8,Weapon+Missile,Blue,Enemies,AIM-120B,,us,,876.494984381345,744.410522460938,2.67551360107401,3280.0361328125,1912.0263671875,829.866174889119,-282.07373046875,0.0486992084200659,NaN,6.58463020897245,0.655523616971419,5000,1.59072685241699,1.59072685241699,1.59072685241699,38412.1728822827,3216.61663418457,41628.7895164673,,,8.27999997138977,1368.009765625,4937.95386946387,5121.70845658655
2018-07-19T09:02:46Z,1531990966,3AA07,41.0206525,43.9231211,2989.34,28.6,-18.4,35.5,544438.19,-103409.29,29.9,Weapon+Missile,Blue,Enemies,AIM-120B,,us,,913.364875059737,785.290100097656,2.77825674846772,2989.34057617188,1739.5029296875,865.870364628727,-290.695556640625,0.0269108314334965,NaN,5.5077006221582,1.03867689892418,5000,2.46102142333984,2.46102142333984,2.46102142333984,41711.7697496444,2931.54167613159,44643.311425776,,,9.27999997138977,1249.83764648438,5800.30813885483,6032.14238932268
2018-07-19T09:02:47Z,1531990967,3AA07,41.0264547,43.9291826,2716.96,24.5,-18.5,33.8,544838.25,-102690.28,28.2,Weapon+Missile,Blue,Enemies,AIM-120B,,us,,866.725699340767,755.858825683594,2.62776290191087,2716.9599609375,1600.95532226562,822.813610936453,-272.380615234375,0.102694769261565,NaN,3.84616148390422,2.36648274904759,5000,5.40705728530884,5.40705728530884,5.40705728530884,37560.6718948871,2664.42754009277,40225.0994349799,,,10.2799999713898,1116.00463867188,6619.88680772091,6896.14556253111
2018-07-19T09:02:48Z,1531990968,3AA07,41.0312647,43.9350049,2468.96,23.3,-17.6,26.5,545161.12,-102005.61,20.9,Weapon+Missile,Blue,Enemies,AIM-120B,,us,,796.572559181532,704.465637207031,2.40791840173238,2468.9599609375,1343.70336914062,756.983382935858,-248,0.653547917065694,NaN,0.323095268498283,4.21297380507199,5000,6.79220151901245,6.79220151901245,6.79220151901245,31726.3921020508,2421.22262009277,34147.6147221436,,,11.2799999713898,1125.25659179688,7374.05609831542,7690.33563288346
2018-07-19T09:02:49Z,1531990969,3AA07,41.0350339,43.9406031,2249.26,19.4,-17.5,25.8,545402.81,-101353.98,20.2,Weapon+Missile,Blue,Enemies,AIM-120B,,us,,728.900654480157,652.981384277344,2.19760694423378,2249.259765625,1098.35656738281,695.002149839301,-219.7001953125,0.0115500381663994,NaN,3.93845099996943,2.57576550818889,5000,0.950486540794373,0.950486540794373,0.950486540794373,26564.80820508,2205.77032805664,28770.5785331367,,,12.2799999713898,1150.90319824219,8066.62918194003,8417.16473490264
2018-07-19T09:02:50Z,1531990970,3AA07,41.0385322,43.9458483,2043.37,15.9,-17.6,25.8,545626.56,-100743.71,20.1,Weapon+Missile,Blue,Enemies,AIM-120B,,us,,681.826719307479,617.855041503906,2.05067880825786,2043.37158203125,905.673706054688,649.998254626939,-205.88818359375,0.0199510683797148,NaN,3.27690619771868,0.0845102307553653,5000,0.901068985462189,0.901068985462189,0.901068985462189,23244.38375808,2003.86299249268,25248.2467505727,,,13.2799999713898,1137.69787597656,8714.35447333333,9097.03267063844
2018-07-19T09:02:51Z,1531990971,3AA07,41.0418425,43.9508197,1847.76,13,-17.6,25.7,545838.12,-100165.31,20.1,Weapon+Missile,Blue,Enemies,AIM-120B,,us,,646.195423258725,591.705688476562,1.9390410462386,1847.75695800781,790.2548828125,615.876159555386,-195.614624023438,0.050099422804263,NaN,2.7077055530465,0.0523391626455858,5000,0.911348283290863,0.911348283290863,0.911348283290863,20878.4262520261,1812.03057722473,22690.4568292508,,,14.2799999713898,1057.50207519531,9328.08435842485,9741.36122089189
2018-07-19T09:02:52Z,1531990972,3AA07,41.0449296,43.9554623,1664.68,10.7,-17.7,25.7,546035.31,-99625.21,20,Weapon+Missile,Blue,Enemies,AIM-120B,,us,,603.414859511759,558.29443359375,1.80678680679604,1664.68078613281,627.052368164062,574.971832328499,-183.076171875,0.0411548547957394,NaN,2.19997661090443,0.0699411571112504,5000,0.91228049993515,0.91228049993515,0.91228049993515,18205.4746339798,1632.49418313293,19837.9688171127,,,15.2799999713898,1037.62841796875,9901.05472421326,10343.0195471561
2018-07-19T09:02:53Z,1531990973,3AA07,41.0478223,43.9598181,1492.56,8.8,-17.7,25.7,546219.94,-99118.48,20,Weapon+Missile,Blue,Enemies,AIM-120B,,us,,566.120535484427,528.846862792969,1.69171426608796,1492.55773925781,459.00048828125,539.320051019467,-172.123046875,0.0212672056892871,NaN,1.93846232796298,0.0504352774299245,5000,0.918931901454926,0.918931901454926,0.918931901454926,16024.6230348587,1463.69913536926,17488.322170228,,,16.2799999713898,1033.55725097656,10438.5041514174,10907.4849864366
2018-07-19T09:02:54Z,1531990974,3AA07,41.0505359,43.9639093,1330.57,7.2,-17.8,25.6,546393.12,-98642.55,20,Weapon+Missile,Blue,Enemies,AIM-120B,,us,,531.727675428201,501.203521728516,1.58594881573498,1330.57385253906,311.007507324219,506.453888581938,-161.98388671875,0.050308550237191,NaN,1.53843180865367,0.0504352774299245,5000,0.911835134029388,0.911835134029388,0.911835134029388,14136.7160408139,1304.84720710022,15441.5632479141,,,17.2799999713898,1019.56634521484,10943.1717868995,11437.617938201
2018-07-19T09:02:55Z,1531990975,3AA07,41.0530719,43.9677385,1178.63,5.9,-17.8,25.6,546554.88,-98197.13,19.9,Weapon+Missile,Blue,Enemies,AIM-120B,,us,,497.646028287238,473.087097167969,1.48168448538285,1178.626953125,177.776428222656,473.881535015362,-151.946899414062,0.0338642296116909,NaN,1.21539118166875,0.100870594880489,5000,0.906937599182129,0.906937599182129,0.906937599182129,12382.5784735031,1155.83820098633,13538.4166744895,,,18.2799999713898,1000.85052490234,11415.3885030495,11933.767332067
