ISOTime,UnixTime,Id,Longitude,Latitude,Altitude,Roll,Pitch,Yaw,U,V,Heading,Type,Color,Coalition,Name,Group,Country,Pilot,TAS,CAS,M,ASL,AGL,GS,VS,AOA,AOS,RRT,TRT,TRD,G,LatG,LonG,Ek,Ep,Em,FFW,FFV,RelativeTime,Elev,GroundDistance,AirDistance
2018-07-19T09:02:39Z,1531990959,3AD08,40.8619393,43.79034,2194.29,-24.8,-1.5,31,533104.25,-119395.15,25.5,Weapon+Missile,Blue,Enemies,AIM-120B,,us,,244.742972911227,222.801361083984,0.73740986188031,2194.29467773438,512.71533203125,NaN,NaN,NaN,NaN,NaN,NaN,NaN,NaN,NaN,NaN,NaN,2151.86799014038,NaN,,,0.490000009536743,1681.57934570312,NaN,NaN
2018-07-19T09:02:40Z,1531990960,3AD08,40.8637485,43.7924276,2174.79,-20.1,-2.6,34.2,533227.69,-119149.3,28.7,Weapon+Missile,Blue,Enemies,AIM-120B,,us,,275.790483002786,252.090240478516,0.830763947887673,2174.7861328125,495.242553710938,275.099631388233,-19.508544921875,1.61045319343829,NaN,4.52307079669292,2.99054285353008,3806.33637800464,2.67221784591675,2.67221784591675,2.67221784591675,3803.01952574551,2132.73664293457,5935.75616868008,,,1.49000000953674,1679.54357910156,274.120066634151,274.907031344774
2018-07-19T09:02:41Z,1531990961,3AD08,40.8666518,43.7952951,2149.46,-16.5,-3.1,37.2,533430.94,-118808.36,31.7,Weapon+Missile,Blue,Enemies,AIM-120B,,us,,397.731466305778,367.158355712891,1.19772777942955,2149.46069335938,551.379150390625,396.924352246432,-25.325439453125,0.0805743791673198,NaN,3.41538828314069,3.38280700013926,5000,1.63733673095703,1.63733673095703,1.63733673095703,7909.5159644872,2107.90087085327,10017.4168353405,,,2.49000000953674,1598.08154296875,669.491556561684,671.222551766682
2018-07-19T09:02:42Z,1531990962,3AD08,40.8706256,43.799039,2120.04,-13.6,-3.2,37.8,533710.94,-118361.8,32.2,Weapon+Missile,Blue,Enemies,AIM-120B,,us,,527.898264475554,482.412475585938,1.58915867478427,2120.04150390625,514.636108398438,527.077877479432,-29.419189453125,0.0316326440388008,NaN,2.70768506247898,0.660801112044017,5000,1.09307086467743,1.09307086467743,1.09307086467743,13933.8288818151,2079.05050142822,16012.8793832433,,,3.49000000953674,1605.40539550781,1194.51101116581,1197.24105273947
2018-07-19T09:02:43Z,1531990963,3AD08,40.8755936,43.8037028,2084.23,-11.3,-2.9,37.6,534061.12,-117805.38,32.1,Weapon+Missile,Blue,Enemies,AIM-120B,,us,,658.428280040685,596.435302734375,1.98126085690936,2084.22924804688,640.764282226562,657.45363508585,-35.812255859375,0.0483858449009732,NaN,2.19999368637735,0.206534154949115,5000,1.34878468513489,1.34878468513489,1.34878468513489,21676.3899978668,2043.93067553589,23720.3206734026,,,4.49000000953674,1443.46496582031,1849.37807717186,1853.30211973697
2018-07-19T09:02:44Z,1531990964,3AD08,40.8813889,43.8091532,2046.16,-9.4,-2.8,37.7,534469.44,-117155.14,32.2,Weapon+Missile,Blue,Enemies,AIM-120B,,us,,768.747678763066,693.636657714844,2.31218057058925,2046.16149902344,636.901245117188,767.804558522474,-38.0677490234375,0.0344405876752304,NaN,1.86152707715196,0.222716687361873,5000,1.24803590774536,1.24803590774536,1.24803590774536,29548.6496801801,2006.59896643982,31555.2486466199,,,5.49000000953674,1409.26025390625,2614.16604019577,2619.28424520852
2018-07-19T09:02:45Z,1531990965,3AD08,40.8875633,43.8149127,2007.93,-7.8,-2.6,38,534904.81,-116467.61,32.5,Weapon+Missile,Blue,Enemies,AIM-120B,,us,,814.685376753572,735.101196289062,2.44924332903161,2007.92993164062,777.24560546875,813.787816541611,-38.2315673828125,0.0123284391493901,NaN,1.35386985199617,0.325209238726829,5000,1.35081028938293,1.35081028938293,1.35081028938293,33185.6131548055,1969.10660641235,35154.7197612178,,,6.49000000953674,1230.68432617188,3424.75886944094,3431.03549832192
2018-07-19T09:02:46Z,1531990966,3AD08,40.8940824,43.8209254,1970.57,-6.5,-2.5,38.4,535365.19,-115749.23,32.8,Weapon+Missile,Blue,Enemies,AIM-120B,,us,,854.057860541636,770.997985839844,2.56648082077832,1970.56921386719,818.515380859375,853.240297876519,-37.3607177734375,0.0411433949299856,NaN,1.29231789474331,0.377036714148885,5000,1.23037445545197,1.23037445545197,1.23037445545197,36470.7414576478,1932.46825811707,38403.2097157649,,,7.49000000953674,1152.05383300781,4274.58148574051,4281.94375387846
2018-07-19T09:02:47Z,1531990967,3AD08,40.9009542,43.8271863,1932.65,-5.4,-2.4,38.9,535851.12,-115000.52,33.3,Weapon+Missile,Blue,Enemies,AIM-120B,,us,,893.387514783587,807.075073242188,2.68346930752028,1932.64916992188,684.844848632812,892.58238938396,-37.9200439453125,0.609869310559507,NaN,1.01537762956139,1.58285044981697,5000,3.99800682067871,3.99800682067871,3.99800682067871,39907.0625785597,1895.28139822144,41802.3439767811,,,8.49000000953674,1247.80432128906,5163.59777232215,5172.04017041947
2018-07-19T09:02:48Z,1531990968,3AD08,40.9082027,43.8332534,1897.36,-4.7,-2.2,41.7,536369.31,-114270.38,36.2,Weapon+Missile,Blue,Enemies,AIM-120B,,us,,896.023178044546,810.71533203125,2.69026855493335,1897.35998535156,575.265991210938,895.32798964704,-35.2891845703125,0.0764586764623846,NaN,0.769238956215285,1.6019065708796,5000,1.75531697273254,1.75531697273254,1.75531697273254,40142.8767796524,1860.67453003479,42003.5513096872,,,9.49000000953674,1322.09399414062,6055.21109749904,6064.61907123281
2018-07-19T09:02:49Z,1531990969,3AD08,40.9151282,43.8388749,1865.13,-3.9,-2.2,41.8,536866.12,-113592.2,36.2,Weapon+Missile,Blue,Enemies,AIM-120B,,us,,841.302066767511,763.395812988281,2.52501375182638,1865.12927246094,579.680053710938,840.684452511076,-32.230712890625,0.0518177916960761,NaN,0.769192852438387,0.185311343135284,5000,1.01533365249634,1.01533365249634,1.01533365249634,35389.4583773643,1829.06699797791,37218.5253753422,,,10.4900000095367,1285.44921875,6892.38059490841,6902.65551623161
2018-07-19T09:02:50Z,1531990970,3AD08,40.9215922,43.8441179,1835.22,-3.2,-2.2,41.8,537329.88,-112959.59,36.2,Weapon+Missile,Blue,Enemies,AIM-120B,,us,,784.960738591883,714.50244140625,2.35508765004354,1835.21618652344,782.99072265625,784.39057134849,-29.9130859375,0.0538557018949044,NaN,0.692320780877186,0.0171320104161963,5000,1.00987386703491,1.00987386703491,1.00987386703491,30808.1680565357,1799.73228155701,32607.9003380927,,,11.4900000095367,1052.22546386719,7673.40666882092,7684.4806061942
2018-07-19T09:02:51Z,1531990971,3AD08,40.9275921,43.8489833,1807.58,-2.7,-2.2,41.8,537760.19,-112372.5,36.2,Weapon+Missile,Blue,Enemies,AIM-120B,,us,,728.424790619116,665.322387695312,2.18475581827938,1807.57690429688,834.373352050781,727.900230571817,-27.6392822265625,0.0582993332408483,NaN,0.569238637599441,0.0171320104161963,5000,1.00559556484222,1.00559556484222,1.00559556484222,26530.1337794252,1772.62740485229,28302.7611842775,,,12.4900000095367,973.203552246094,8398.2292568122,8410.03681632337
2018-07-19T09:02:52Z,1531990972,3AD08,40.9332138,43.8535408,1781.77,-2.2,-2.2,41.8,538163.31,-111822.52,36.2,Weapon+Missile,Blue,Enemies,AIM-120B,,us,,682.385622465524,625.333862304688,2.04605127601711,1781.76696777344,849.370849609375,681.897341924953,-25.8099365234375,0.191993176479823,NaN,0.415363867109162,0.375997298095427,5000,1.52683770656586,1.52683770656586,1.52683770656586,23282.506887383,1747.31650345154,25029.8233908346,,,13.4900000095367,932.396118164062,9077.23786503722,9089.72670163035
2018-07-19T09:02:53Z,1531990973,3AD08,40.9384329,43.8578248,1762.29,-2.1,-1.5,41.5,538536.94,-111306.03,35.9,Weapon+Missile,Blue,Enemies,AIM-120B,,us,,637.761087251365,586.391174316406,1.91181315815061,1762.28918457031,809.862182617188,637.463583566571,-19.477783203125,0.671990787906453,NaN,0.199987938897973,1.43440365200444,5000,3.0474865436554,3.0474865436554,3.0474865436554,20336.9602206022,1728.21532318665,22065.1755437888,,,14.4900000095367,952.427001953125,9712.01767621292,9724.98155067386
2018-07-19T09:02:54Z,1531990974,3AD08,40.943485,43.8616372,1751.15,-2.1,-0.9,44.9,538902.12,-110843.2,39.3,Weapon+Missile,Blue,Enemies,AIM-120B,,us,,589.66353098199,544.150329589844,1.76740052944179,1751.15075683594,691.09765625,589.558322134252,-11.138427734375,0.0646079003415258,NaN,0.338440996016009,1.88610722042754,5000,1.68479323387146,1.68479323387146,1.68479323387146,17385.1539885074,1717.29225695251,19102.4462454599,,,15.4900000095367,1060.05310058594,10299.0001196653,10312.2313071172
2018-07-19T09:02:55Z,1531990975,3AD08,40.9482811,43.8651186,1742.86,-1.8,-0.9,45,539250.25,-110419.1,39.4,Weapon+Missile,Blue,Enemies,AIM-120B,,us,,548.739726666359,508.145446777344,1.64457960279109,1742.8583984375,621.061279296875,548.677067512451,-8.2923583984375,0.0478815451541956,NaN,0.199987938897973,0.306148768754688,5000,1.00549912452698,1.00549912452698,1.00549912452698,15055.7643810935,1709.16023130371,16764.9246123972,,,16.4900000095367,1121.79711914062,10845.2321480983,10858.6758736799
2018-07-19T09:02:56Z,1531990976,3AD08,40.9527517,43.8683614,1735.21,-1.4,-0.9,45,539574.75,-110024.02,39.4,Weapon+Missile,Blue,Enemies,AIM-120B,,us,,511.31742482892,475.139709472656,1.53228711074917,1735.20764160156,563.779296875,511.260183129408,-7.6507568359375,0.0518700847338131,NaN,0.307728410082812,0.0197823405926261,5000,1.00082147121429,1.00082147121429,1.00082147121429,13072.2754466839,1701.6574018512,14773.9328485351,,,17.4900000095367,1171.42834472656,11354.1986923097,11367.838674286
2018-07-19T09:02:57Z,1531990977,3AD08,40.9569341,43.8713947,1728.09,-1.2,-0.9,45,539878.25,-109654.47,39.4,Weapon+Missile,Blue,Enemies,AIM-120B,,us,,478.26106303607,445.856842041016,1.43310606743551,1728.08532714844,488.963256835938,478.20802696444,-7.122314453125,0.0359280888394604,NaN,0.199987938897973,0.0532655904281015,5000,1.00118672847748,1.00118672847748,1.00118672847748,11436.6822208196,1694.67279734802,13131.3550181676,,,18.4900000095367,1239.1220703125,11830.3018033077,11844.1243020244
2018-07-19T09:02:58Z,1531990978,3AD08,40.9608446,43.8742302,1721.45,-1,-0.8,45,540162,-109308.98,39.4,Weapon+Missile,Blue,Enemies,AIM-120B,,us,,447.127399701621,418.072265625,1.3397101373697,1721.45227050781,631.391479492188,447.078196877834,-6.633056640625,0.0592296637530653,NaN,0.199987938897973,0.0532655904281015,5000,1.00517678260803,1.00517678260803,1.00517678260803,9996.14557819665,1688.16799085754,11684.3135690542,,,19.4900000095367,1090.06079101562,12275.3936141817,12289.3858831631
2018-07-19T09:02:59Z,1531990979,3AD08,40.9644965,43.8768779,1715.28,-0.8,-0.8,45,540427,-108986.35,39.4,Weapon+Missile,Blue,Enemies,AIM-120B,,us,,417.552320658317,391.380004882812,1.25100509882437,1715.28381347656,571.434814453125,417.506755184871,-6.16845703125,0.0579178381668479,NaN,0.199987938897973,0.0197823405926261,5000,1.0036985874176,1.0036985874176,1.0036985874176,8717.49702435732,1682.11880094299,10399.6158253003,,,20.4900000095367,1143.84899902344,12691.024843749,12705.1748489016
2018-07-19T09:03:00Z,1531990980,3AD08,40.9679075,43.8793504,1709.54,-0.7,-0.8,45,540674.5,-108685.05,39.4,Weapon+Missile,Blue,Enemies,AIM-120B,,us,,389.966386119184,366.085693359375,1.16827779717241,1709.53771972656,489.068603515625,389.924049924434,-5.74609375,0.0558298779262647,NaN,0.107685829671479,0.0197823405926261,5000,1.00385129451752,1.00385129451752,1.00385129451752,7603.68911514282,1676.48380791565,9280.17292305847,,,21.4900000095367,1220.46911621094,13079.1858071785,13093.4825433644
2018-07-19T09:03:01Z,1531990981,3AD08,40.9710685,43.8816415,1704.23,-0.6,-0.8,45,540903.81,-108405.84,39.4,Weapon+Missile,Blue,Enemies,AIM-120B,,us,,361.340254831986,339.249603271484,1.08245113544788,1704.22998046875,394.990112304688,361.30126994797,-5.3077392578125,0.05441254455086,NaN,0,0.0197823405926261,5000,1.00193393230438,1.00193393230438,1.00193393230438,6528.33898810223,1671.27869379639,8199.61768189861,,,22.4900000095367,1309.23986816406,13438.87635267,13453.308496336
2018-07-19T09:03:02Z,1531990982,3AD08,40.9740262,43.883785,1699.27,-0.5,-0.8,45,541118.38,-108144.62,39.4,Weapon+Missile,Blue,Enemies,AIM-120B,,us,,338.084332775889,316.981842041016,1.01272553291045,1699.26684570312,259.63916015625,338.047900987148,-4.963134765625,0.0538701411437373,NaN,0,0.0197823405926261,5000,1.00333786010742,1.00333786010742,1.00333786010742,5715.05080342591,1666.41152124145,7381.46232466736,,,23.4900000095367,1439.62768554688,13775.4021125819,13789.9606313578
2018-07-19T09:03:03Z,1531990983,3AD08,40.9767813,43.8857815,1694.66,-0.4,-0.8,45,541318.25,-107901.3,39.4,Weapon+Missile,Blue,Enemies,AIM-120B,,us,,314.92222224668,294.761322021484,0.943292974939011,1694.66076660156,117.031494140625,314.888535993449,-4.6060791015625,0.0512889169725507,NaN,0,0.0197823405926261,5000,1.00146973133087,1.00146973133087,1.00146973133087,4958.80030323938,1661.89450067932,6620.6948039187,,,24.4900000095367,1577.62927246094,14088.8661467889,14103.5418959629
2018-07-19T09:03:04Z,1531990984,3AD08,40.9793812,43.8876652,1690.32,-0.3,-0.8,45,541506.81,-107671.71,39.4,Weapon+Missile,Blue,Enemies,AIM-120B,,us,,297.126866076399,277.732666015625,0.889944938402114,1690.31848144531,46.551025390625,297.095134769999,-4.34228515625,0.054022390144836,NaN,0.199987938897973,0.0197823405926261,5000,1.00085687637329,1.00085687637329,1.00085687637329,4414.2187272191,1657.63617360657,6071.85490082567,,,25.4900000095367,1643.76745605469,14384.6357833276,14399.42188238
2018-07-19T09:03:05Z,1531990985,3AD08,40.981859,43.8894604,1686.18,-0.3,-0.8,45,541686.56,-107452.91,39.4,Weapon+Missile,Blue,Enemies,AIM-120B,,us,,283.200779247619,264.4521484375,0.848192873746632,1686.17993164062,32.445068359375,283.170538319177,-4.1385498046875,0.0507591242457921,NaN,0,0.0197823405926261,5000,1.0008944272995,1.0008944272995,1.0008944272995,4010.13406832293,1653.57764266235,5663.71171098528,,,26.4900000095367,1653.73486328125,14666.5073789531,14681.3984597204
2018-07-19T09:03:06Z,1531990986,3AD08,40.9842315,43.8911791,1682.22,-0.2,-0.8,45,541858.56,-107243.41,39.4,Weapon+Missile,Blue,Enemies,AIM-120B,,us,,271.084226605241,252.927520751953,0.811865887267866,1682.21997070312,38.405517578125,271.055301780901,-3.9599609375,0.0512557229637826,NaN,0.076939466318402,0.0197823405926261,5000,1.00152099132538,1.00152099132538,1.00152099132538,3674.33289570808,1649.69424756958,5324.02714327766,,,27.4900000095367,1643.814453125,14936.3810661255,14951.3724530639
2018-07-19T09:03:07Z,1531990987,3AD08,40.9865232,43.892839,1678.4,-0.2,-0.8,45,542024.75,-107041.09,39.4,Weapon+Missile,Blue,Enemies,AIM-120B,,us,,261.857810320727,244.176467895508,0.784198819031579,1678.40454101562,57.8411865234375,261.83001226419,-3.8154296875,0.0497407465255752,NaN,0,0.0197823405926261,5000,1.0004049539566,1.0004049539566,1.0004049539566,3428.47564129829,1645.95258921509,5074.42823051338,,,28.4900000095367,1620.56335449219,15197.0418556301,15212.12982871
2018-07-19T09:03:08Z,1531990988,3AD08,40.9887344,43.8944406,1674.72,-0.2,-0.8,45,542185.12,-106845.86,39.4,Weapon+Missile,Blue,Enemies,AIM-120B,,us,,252.679859113905,235.483764648438,0.756680535619961,1674.72216796875,84.545166015625,252.653025571764,-3.682373046875,0.0496055973126961,NaN,0,0.0197823405926261,5000,1.00035881996155,1.00035881996155,1.00035881996155,3192.35556009114,1642.34141485107,4834.69697494221,,,29.4900000095367,1590.17700195312,15448.5377362598,15463.718767702
2018-07-19T09:03:09Z,1531990989,3AD08,40.9908655,43.895984,1671.17,-0.1,-0.8,45,542339.69,-106657.72,39.4,Weapon+Missile,Blue,Enemies,AIM-120B,,us,,243.513989663071,226.814422607422,0.729201933989964,1671.17224121094,80.3367919921875,243.488113019179,-3.5499267578125,0.0501169040944795,NaN,0,0.0197823405926261,5000,1.00076425075531,1.00076425075531,1.00076425075531,2964.95315808132,1638.86012592712,4603.81328400845,,,30.4900000095367,1590.83544921875,15690.9124321379,15706.1830257007
2018-07-19T09:03:10Z,1531990990,3AD08,40.9929281,43.8974776,1667.74,-0.1,-0.8,45,542489.19,-106475.63,39.4,Weapon+Missile,Blue,Enemies,AIM-120B,,us,,235.621123744976,219.363372802734,0.705538440881414,1667.74072265625,21.9906005859375,235.596134593193,-3.4315185546875,0.0490925929603597,NaN,0,0.0197823405926261,5000,1.00060069561005,1.00060069561005,1.00060069561005,2775.86569774225,1635.49495578369,4411.36065352595,,,31.4900000095367,1645.75012207031,15925.471278942,15940.8283605973
2018-07-19T09:03:11Z,1531990991,3AD08,40.9949295,43.8989269,1664.41,-0.1,-0.8,45,542634.31,-106298.96,39.4,Weapon+Missile,Blue,Enemies,AIM-120B,,us,,228.659769542322,212.802474975586,0.684666866269798,1664.4130859375,-33.69775390625,228.635555067482,-3.32763671875,0.0595083339968624,NaN,0,0.0197823405926261,5000,1.00083041191101,1.00083041191101,1.00083041191101,2614.26451035738,1632.2316589209,4246.49616927828,,,32.4900000095367,1698.11083984375,16153.0729465035,16168.5137996576
