ISOTime,UnixTime,Id,Longitude,Latitude,Altitude,Roll,Pitch,Yaw,U,V,Heading,Type,Color,Coalition,Name,Group,Country,Pilot,TAS,CAS,M,ASL,AGL,GS,VS,AOA,AOS,RRT,TRT,TRD,G,LatG,LonG,Ek,Ep,Em,FFW,FFV,RelativeTime,Elev,GroundDistance,AirDistance
2011-06-01T05:00:45Z,1306904445,17E0E,55.5509064,25.9489961,1743.74,-32,4.7,208.3,-69338.09,-24094.52,208.9,Weapon+Missile,Red,Allies,R-27ER,,xu,,308.143084594672,287.675415039062,0.923518079986512,1743.73840332031,1743.73840332031,NaN,NaN,5.40019657772831,NaN,7.21538451844479,5.69863723279673,NaN,NaN,NaN,NaN,NaN,1710.02322129211,NaN,,,0.859999895095825,0,NaN,NaN
2011-06-01T05:00:46Z,1306904446,17E0E,55.5487474,25.9455932,1755.3,-26,5.8,206.1,-69558.48,-24469.05,206.8,Weapon+Missile,Red,Allies,R-27ER,,xu,,434.717064855382,406.357208251953,1.30304239703525,1755.30383300781,1755.30383300781,434.563191391795,11.5654296875,2.02505273911001,NaN,5.6923308807074,3.1473479678907,2872.84440559189,8.55555152893066,8.55555152893066,8.55555152893066,9448.94632382393,1721.36503339661,11170.3113572205,,,1.85999989509583,0,436.124853803914,436.397763366236
2011-06-01T05:00:47Z,1306904447,17E0E,55.5462615,25.9400903,1820.89,-21.3,6,197.9,-69814.18,-25075.81,198.5,Weapon+Missile,Red,Allies,R-27ER,,xu,,661.693515339887,606.037170410156,1.98491972387688,1820.89001464844,1820.89001464844,658.435084894981,65.586181640625,0.314651452983095,NaN,4.41538261914391,7.7437628299951,3965.95677438558,13.4056587219238,13.4056587219238,13.4056587219238,21891.9154121429,1785.68310621521,23677.5985183581,,,2.85999989509583,0,1097.31675837411,1101.01903764404
2011-06-01T05:00:48Z,1306904448,17E0E,55.5443114,25.9322207,1901.19,-17.8,4,189.1,-70019.17,-25945.32,189.8,Weapon+Missile,Red,Allies,R-27ER,,xu,,896.952148000318,811.396118164062,2.69317893875726,1901.18530273438,1901.18530273438,893.350895512833,80.2952880859375,0.546073600960703,NaN,3.27693351847536,6.73616307835106,5000,5.80667781829834,5.80667781829834,5.80667781829834,40226.1577901192,1864.42588490601,42090.5836750252,,,3.85999989509583,0,1994.84950648759,2002.39717005291
2011-06-01T05:00:49Z,1306904449,17E0E,55.5427546,25.923398,1966.62,-15,3.7,189,-70185.97,-26920.84,189.6,Weapon+Missile,Red,Allies,R-27ER,,xu,,991.833316425422,892.852600097656,2.98036325088391,1966.61767578125,1966.61767578125,989.672638870504,65.432373046875,0.0403393597879561,NaN,2.015397578774,2.0270268296096,5000,0.949524700641632,0.949524700641632,0.949524700641632,49186.6663785726,1928.59312302002,51115.2595015926,,,4.85999989509583,0,2989.27888480485,2999.2777813459
2011-06-01T05:00:50Z,1306904450,17E0E,55.5412305,25.9146129,2030.91,-13.9,3.8,188.8,-70349.46,-27892.21,189.5,Weapon+Missile,Red,Allies,R-27ER,,xu,,987.129870491548,886.026062011719,2.96847955239729,2030.91296386719,2030.91296386719,985.033754318402,64.2952880859375,0.0595980377826976,NaN,1.12306239201581,0.128204331588005,5000,1.46759855747223,1.46759855747223,1.46759855747223,48721.269060833,1991.64526171082,50712.9143225438,,,5.85999989509583,0,3979.06022757065,3991.45473038831
2011-06-01T05:00:51Z,1306904451,17E0E,55.5396745,25.9058425,2099.34,-12.8,4.1,189.5,-70516.14,-28861.92,190.2,Weapon+Missile,Red,Allies,R-27ER,,xu,,986.308044268408,882.476135253906,2.96840604605691,2099.33911132812,2099.33911132812,983.931613747737,68.4261474609375,0.107951586088493,NaN,0.984602504708603,0.623469966083372,5000,1.87560939788818,1.87560939788818,1.87560939788818,48640.1779094286,2058.7483896106,50698.9262990392,,,6.85999989509583,0,4967.72921921663,4982.80814224699
2011-06-01T05:00:52Z,1306904452,17E0E,55.5379422,25.8971226,2158.73,-12.2,2.3,191,-70700.45,-29825.85,191.6,Weapon+Missile,Red,Allies,R-27ER,,xu,,983.18260152803,877.290893554688,2.96107892066402,2158.72680664062,2158.72680664062,981.387349415558,59.3876953125,0.0181937645129277,NaN,0.492277346692207,2.17844742775372,5000,4.95606088638306,4.95606088638306,4.95606088638306,48332.4013973713,2116.98782383423,50449.3892212055,,,7.85999989509583,0,5953.80111798607,5970.99533717885
2011-06-01T05:00:53Z,1306904453,17E0E,55.5359132,25.8884873,2170.7,-11.9,-1,193.2,-70914.4,-30780.08,193.8,Weapon+Missile,Red,Allies,R-27ER,,xu,,977.995471281262,872.258605957031,2.94587429247968,2170.70239257812,2170.70239257812,977.922147815515,11.9755859375,0.0852489288094746,NaN,0.200042580411333,3.80027413862596,5000,6.57227420806885,6.57227420806885,6.57227420806885,47823.7570923328,2128.73186181763,49952.4889541505,,,8.85999989509583,0,6936.32304548667,6953.92368421593
2011-06-01T05:00:54Z,1306904454,17E0E,55.5334703,25.8800325,2126.85,-11.8,-4.2,196.2,-71169.62,-31713.83,196.9,Weapon+Missile,Red,Allies,R-27ER,,xu,,968.995543490831,866.151123046875,2.91725099962417,2126.85375976562,2126.85375976562,968.002923913749,-43.8486328125,0.0390913407589267,NaN,0,4.47922012844779,5000,7.45595169067383,7.45595169067383,7.45595169067383,46947.6181652546,2085.73104232056,49033.3492075751,,,9.85999989509583,0,7908.78620664576,7927.70220482088
2011-06-01T05:00:55Z,1306904455,17E0E,55.5304713,25.8717818,2031.55,-11.8,-7,200.2,-71480.36,-32624.35,200.9,Weapon+Missile,Red,Allies,R-27ER,,xu,,966.792274149488,868.062133789062,2.9073426783964,2031.55383300781,2031.55383300781,962.083793291985,-95.2999267578125,0.0213286525967496,NaN,0,4.76227085161594,5000,7.55077600479126,7.55077600479126,7.55077600479126,46734.3650677569,1992.27373964661,48726.6388074035,,,10.8599998950958,0,8875.1139388981,8899.03133121932
2011-06-01T05:00:56Z,1306904456,17E0E,55.5270299,25.8641844,1900.38,-11.8,-9.3,204.5,-71834.65,-33462,205.2,Weapon+Missile,Red,Allies,R-27ER,,xu,,918.908728346542,830.884216308594,2.75907924234252,1900.37536621094,1900.37536621094,909.497367165117,-131.178466796875,0.0706286904125594,NaN,0,4.86945999846871,5000,7.55264139175415,7.55264139175415,7.55264139175415,42219.6625515729,1863.63160850525,44083.2941600782,,,11.8599998950958,0,9788.40435129784,9821.97306492444
2011-06-01T05:00:57Z,1306904457,17E0E,55.5232456,25.857468,1753.52,-11.5,-10.3,209.7,-72222.25,-34201.69,210.3,Weapon+Missile,Red,Allies,R-27ER,,xu,,847.903419665092,773.137390136719,2.54149431164707,1753.51611328125,1753.51611328125,835.088359940846,-146.859252929688,0,NaN,0.400030519309307,5.2201189222494,5000,7.9985089302063,7.9985089302063,7.9985089302063,35947.0104539879,1719.61187923096,37666.6223332188,,,12.8599998950958,0,10626.6851609939,10673.2573788413
2011-06-01T05:00:58Z,1306904458,17E0E,55.5191317,25.8516547,1614.49,-10.7,-10.1,215.8,-72641.79,-34840.96,216.4,Weapon+Missile,Red,Allies,R-27ER,,xu,,777.179587516341,714.573364257812,2.32571985297853,1614.4853515625,1614.4853515625,764.64276531461,-139.03076171875,0.0394422730296902,NaN,0.769239809988931,5.91802252899943,5000,8.48372840881348,8.48372840881348,8.48372840881348,30200.4055626035,1583.26927729004,31783.6748398935,,,13.8599998950958,0,11393.9010280252,11453.1680170568
2011-06-01T05:00:59Z,1306904459,17E0E,55.5147338,25.8467399,1495.21,-9.7,-9.1,222.5,-73088.73,-35380.36,223.1,Weapon+Missile,Red,Allies,R-27ER,,xu,,710.592832008768,658.402587890625,2.12350034485973,1495.20764160156,1495.20764160156,700.510528692264,-119.277709960938,0.0376643978786687,NaN,1.03077970613977,6.76172378065937,5000,9.02681350708008,9.02681350708008,9.02681350708008,25247.1086451121,1466.2978018512,26713.4064469633,,,14.8599998950958,0,12096.3630122655,12165.8535200015
2011-06-01T05:01:00Z,1306904460,17E0E,55.5100676,25.8426974,1399.36,-8.4,-7.6,230.2,-73561.48,-35822.84,230.9,Weapon+Missile,Red,Allies,R-27ER,,xu,,654.566618009748,610.545166015625,1.95389321984733,1399.35998535156,1399.35998535156,647.51114600762,-95.84765625,0.0618377608963832,NaN,1.36920362668285,7.93966973086399,4380.46515008119,9.71332740783691,9.71332740783691,9.71332740783691,21422.872870636,1372.30336003479,22795.1762306708,,,15.8599998950958,0,12745.2434445214,12821.9203549963
2011-06-01T05:01:01Z,1306904461,17E0E,55.5052804,25.83963,1330.55,-6.8,-5.5,239.6,-74045.18,-36157.15,240.3,Weapon+Missile,Red,Allies,R-27ER,,xu,,592.003788629103,555.717224121094,1.76572986909737,1330.54919433594,1330.54919433594,587.991123054605,-68.810791015625,0.243682456875201,NaN,1.73846585132854,8.56621493626031,3863.27058082912,9.99330615997314,9.99330615997314,9.99330615997314,17523.4242875606,1304.82302566345,18828.247313224,,,16.8599998950958,0,13333.996642911,13414.8062047485
