ISOTime,UnixTime,Id,Longitude,Latitude,Altitude,Roll,Pitch,Yaw,U,V,Heading,Type,Color,Coalition,Name,Group,Country,Pilot,TAS,CAS,M,ASL,AGL,GS,VS,AOA,AOS,RRT,TRT,TRD,G,LatG,LonG,Ek,Ep,Em,FFW,FFV,RelativeTime,Elev,GroundDistance,AirDistance
2011-06-01T05:01:49Z,1306904509,1DE09,55.6915556,25.8393614,997.5,84,-6.7,161.4,-55374.76,-36386,162,Weapon+Missile,Red,Allies,AIM-120B,,xu,,360.262750356038,347.320922851562,1.07040095830992,997.5,997.5,NaN,NaN,NaN,NaN,NaN,NaN,NaN,NaN,NaN,NaN,NaN,978.2133375,NaN,,,0.129999876022339,0,NaN,NaN
2011-06-01T05:01:50Z,1306904510,1DE09,55.6930101,25.8356233,947.68,68,-4.8,159.5,-55233.09,-36801.49,160.1,Weapon+Missile,Red,Allies,AIM-120B,,xu,,441.798410451099,425.420349121094,1.31190432299765,947.677673339844,947.677673339844,438.980149031008,-49.8223266601562,1.81790472675702,NaN,15.2154211687406,9.65306751155992,2914.47007897965,8.42201900482178,8.42201900482178,8.42201900482178,9759.29177385587,929.354325525818,10688.6460993817,,,1.12999987602234,0,440.906974495217,443.779805641163
2011-06-01T05:01:51Z,1306904511,1DE09,55.6955254,25.8312926,910.71,55.4,-3,147.7,-54985.74,-37283.66,148.3,Weapon+Missile,Red,Allies,AIM-120B,,xu,,543.167893253989,520.143188476562,1.61223172979035,910.713073730469,910.713073730469,541.908644180636,-36.964599609375,0.46289300241283,NaN,11.6923003118213,7.25806380924726,5000,5.69901657104492,5.69901657104492,5.69901657104492,14751.5680130988,893.10443644989,15644.6724495487,,,2.12999987602234,0,984.895869037338,989.102213316653
2011-06-01T05:01:52Z,1306904512,1DE09,55.6990981,25.8263231,878.68,45.5,-2.8,146.5,-54633.06,-37837.62,147.1,Weapon+Missile,Red,Allies,AIM-120B,,xu,,657.48783777231,626.765869140625,1.95083811332637,878.68310546875,878.68310546875,656.707193467271,-32.0299682617188,0.0594359713149834,NaN,9.33845319929487,3.27072935883146,5000,1.55353152751923,1.55353152751923,1.55353152751923,21614.5128409253,861.693767624512,22476.2066085499,,,3.12999987602234,0,1643.82440115186,1648.90108389963
2011-06-01T05:01:53Z,1306904513,1DE09,55.7033632,25.8205844,842.13,37.5,-2.8,145.5,-54211.8,-38477.45,146.1,Weapon+Missile,Red,Allies,AIM-120B,,xu,,766.923003122697,729.695251464844,2.27458921229559,842.129943847656,842.129943847656,766.051407605415,-36.5531616210938,0.0815943631580525,NaN,7.72308613983018,0.789089940542575,5000,1.2829954624176,1.2829954624176,1.2829954624176,29408.5446359368,825.847361383362,30234.3919973202,,,4.12999987602234,0,2412.41931505838,2418.46827812835
2011-06-01T05:01:54Z,1306904514,1DE09,55.7081041,25.814371,800.42,31,-2.9,145.2,-53743.3,-39170.31,145.8,Weapon+Missile,Red,Allies,AIM-120B,,xu,,837.429457855149,797.08349609375,2.48251339658626,800.416870117188,800.416870117188,836.389930811894,-41.7130737304688,0.0322543067286387,NaN,6.26153494047417,0.512919138859337,5000,0.920164823532104,0.920164823532104,0.920164823532104,35064.4048441784,784.940809933472,35849.3456541119,,,5.12999987602234,0,3251.53685352761,3258.7298835167
2011-06-01T05:01:55Z,1306904515,1DE09,55.7130038,25.8079978,756.19,25.5,-2.9,145.2,-53259.02,-39881.01,145.7,Weapon+Missile,Red,Allies,AIM-120B,,xu,,861.148956167163,820.961975097656,2.55153485553203,756.192260742188,756.192260742188,860.012621205888,-44.224609375,0.0543832615650633,NaN,5.21536852568166,0.0523391626455858,5000,1.36134672164917,1.36134672164917,1.36134672164917,37078.8762353897,741.571283380737,37820.4475187704,,,6.12999987602234,0,4114.34030918109,4122.77115060216
2011-06-01T05:01:56Z,1306904516,1DE09,55.7180724,25.8013348,712.96,20.9,-2.5,146.2,-52758.05,-40623.95,146.7,Weapon+Missile,Red,Allies,AIM-120B,,xu,,897.106750287563,856.481140136719,2.65676029421341,712.961486816406,712.961486816406,896.064518657719,-43.2307739257812,0.166618728905998,NaN,4.4461799421115,1.28214923717304,5000,3.733074426651,3.733074426651,3.733074426651,40240.0260705756,699.176376468811,40939.2024470444,,,7.12999987602234,0,5013.32744589951,5022.90055237308
2011-06-01T05:01:57Z,1306904517,1DE09,55.722939,25.7943759,669.87,17.4,-3.2,149.5,-52277.59,-41399.45,150,Weapon+Missile,Red,Allies,AIM-120B,,xu,,913.294128968716,873.463684082031,2.7033658519588,669.866882324219,669.866882324219,912.276833572128,-43.0946044921875,0.0698750774358795,NaN,3.0769182588207,3.3345754058718,5000,6.76602602005005,6.76602602005005,6.76602602005005,41705.3083004363,656.91500615448,42362.2233065908,,,8.12999987602234,0,5928.76127595615,5939.44730015474
2011-06-01T05:01:58Z,1306904518,1DE09,55.7270316,25.7874392,608.97,14.7,-5,154.8,-51874.67,-42171.71,155.4,Weapon+Missile,Red,Allies,AIM-120B,,xu,,873.179611217078,837.778991699219,2.58282852292816,608.969970703125,608.969970703125,871.05349984959,-60.8969116210938,0.0831768483639995,NaN,2.50766297263516,5.49045482139074,5000,9.2640962600708,9.2640962600708,9.2640962600708,38122.1316722604,597.19553631958,38719.3272085799,,,9.12999987602234,0,6803.13840646156,6816.02992583614
2011-06-01T05:01:59Z,1306904519,1DE09,55.7299692,25.7808517,524.47,12.4,-7.2,161.6,-51587.15,-42904.17,162.1,Weapon+Missile,Red,Allies,AIM-120B,,xu,,791.387039696341,763.09375,2.33863430743558,524.467712402344,524.467712402344,786.86264045347,-84.5022583007812,0.299311985133276,NaN,2.30772967525055,6.34299604538397,5000,8.12240982055664,8.12240982055664,8.12240982055664,31314.6723299669,514.327129183044,31828.99945915,,,10.1299998760223,0,7593.36347591014,7610.83006857721
2011-06-01T05:02:00Z,1306904520,1DE09,55.7319339,25.7746372,433.71,9.9,-6.9,165.9,-51396.75,-43594.38,166.5,Weapon+Missile,Red,Allies,AIM-120B,,xu,,721.72396416323,699.669921875,2.13056996952614,433.707672119141,433.707672119141,715.994480101124,-90.7600402832031,0.148850540953546,NaN,2.50766297263516,4.43858477175445,5000,4.03840923309326,4.03840923309326,4.03840923309326,26044.2740223743,425.321934278717,26469.5959566531,,,11.1299998760223,0,8312.65532841566,8335.87895107699
2011-06-01T05:02:01Z,1306904521,1DE09,55.7334097,25.7688519,356.87,7.9,-6.3,168.1,-51254.91,-44236.55,168.6,Weapon+Missile,Red,Allies,AIM-120B,,xu,,662.119886160991,645.006469726562,1.95290959265477,356.866912841797,356.866912841797,657.645984830384,-76.8407592773438,0.033453373730286,NaN,1.93846232796298,2.50668433459315,5000,2.91106915473938,2.91106915473938,2.91106915473938,21920.1371824922,349.966891082001,22270.1040735742,,,12.1299998760223,0,8973.43649604048,9001.1536133402
2011-06-01T05:02:02Z,1306904522,1DE09,55.7345676,25.7634456,293.21,6.3,-5.7,170.1,-51144.54,-44836.46,170.7,Weapon+Missile,Red,Allies,AIM-120B,,xu,,613.291969487074,599.981750488281,1.80758684660208,293.209991455078,293.209991455078,609.979373583156,-63.6569213867188,0.102630633825932,NaN,1.53843180865367,2.12294274923726,5000,2.6035373210907,2.6035373210907,2.6035373210907,18806.3519918667,287.540776270294,19093.892768137,,,13.1299998760223,0,9586.36027896183,9617.40523252138
2011-06-01T05:02:03Z,1306904523,1DE09,55.7354259,25.7584274,237.07,5.1,-5.6,172.4,-51063.8,-45393.09,173,Weapon+Missile,Red,Allies,AIM-120B,,xu,,565.248812958848,555.286499023438,1.66492767287897,237.074615478516,237.074615478516,562.454478260558,-56.1353759765625,0.0738707781632712,NaN,1.13845593085773,2.285723446075,5000,2.59818768501282,2.59818768501282,2.59818768501282,15975.3110275693,232.490777788239,16207.8018053576,,,14.1299998760223,0,10151.57228108,10185.4213845115
2011-06-01T05:02:04Z,1306904524,1DE09,55.7359957,25.7537874,186.27,4.1,-5.6,175.1,-51011.57,-45907.55,175.7,Weapon+Missile,Red,Allies,AIM-120B,,xu,,519.590110701145,512.523376464844,1.5295615572938,186.274612426758,186.274612426758,517.100805286908,-50.8000030517578,0.0753714626355426,NaN,0.969231163981489,2.66985968829887,5000,2.77969574928284,2.77969574928284,2.77969574928284,13498.6941569214,182.672992795486,13681.3671497169,,,15.1299998760223,0,10671.2406926799,10707.5840254128
2011-06-01T05:02:05Z,1306904525,1DE09,55.7362829,25.7494798,140.2,3.3,-5.4,178.2,-50987.34,-46384.91,178.7,Weapon+Missile,Red,Allies,AIM-120B,,xu,,480.193411487922,475.440216064453,1.41285026661957,140.203842163086,140.203842163086,477.978238588035,-46.0707702636719,0.0376474777568678,NaN,0.569255286185543,3.16531584771948,5000,3.09816956520081,3.09816956520081,3.09816956520081,11529.2856218204,137.493000874863,11666.7786226953,,,16.1299998760223,0,11151.6253501823,11190.1850486257
2011-06-01T05:02:06Z,1306904526,1DE09,55.7362809,25.7455305,100.62,3,-4.8,182,-50991.72,-46822.33,182.6,Weapon+Missile,Red,Allies,AIM-120B,,xu,,439.231547322293,436.435943603516,1.29175255950469,100.615379333496,100.615379333496,437.443831564609,-39.5884628295898,0.363014624297802,NaN,0.215396845665522,4.12697574700601,4626.84675635536,4.64520120620728,4.64520120620728,4.64520120620728,9646.21760815678,98.6699809740829,9744.88758913086,,,17.1299998760223,0,11591.2646048066,11631.6113940488
2011-06-01T05:02:07Z,1306904527,1DE09,55.7359908,25.7419753,88.83,3.4,2.6,186.5,-51024.61,-47215.81,187,Weapon+Missile,Red,Allies,AIM-120B,,xu,,395.028665061877,393.423736572266,1.16160009845873,88.8266677856445,88.8266677856445,394.852722544255,-11.7887115478516,0.0551221608636201,NaN,0.676923400053862,5.69479060258225,4488.52144204776,4.74530935287476,4.74530935287476,4.74530935287476,7802.38231102844,87.1092041640091,7889.49151519245,,,18.1299998760223,0,11988.0932389808,12028.620985725
