ISOTime,UnixTime,Id,Longitude,Latitude,Altitude,Roll,Pitch,Yaw,U,V,Heading,Type,Color,Coalition,Name,Group,Country,Pilot,TAS,CAS,M,ASL,AGL,GS,VS,AOA,AOS,RRT,TRT,TRD,G,LatG,LonG,Ek,Ep,Em,FFW,FFV,RelativeTime,Elev,GroundDistance,AirDistance
2011-06-01T05:01:50Z,1306904510,1E00F,55.7923833,25.8009256,666.22,100.4,-2.5,190.6,-45308.04,-40739.74,191.1,Weapon+Missile,Red,Allies,R-77,,xu,,324.459523887732,316.376922607422,0.96036552487255,666.216918945312,666.216918945312,NaN,NaN,NaN,NaN,NaN,NaN,NaN,NaN,NaN,NaN,NaN,653.335614817505,NaN,,,0.109999895095825,0,NaN,NaN
2011-06-01T05:01:51Z,1306904511,1E00F,55.7919076,25.7979481,645.78,81.3,-3.8,191.3,-45358.76,-41069.07,191.8,Weapon+Missile,Red,Allies,R-77,,xu,,333.84560517907,325.884429931641,0.987916563472274,645.783020019531,645.783020019531,333.219663093387,-20.4338989257812,2.3706519016815,NaN,18.1231146606851,13.8362805016289,2843.59379102304,4.3447790145874,4.3447790145874,4.3447790145874,5572.64440486897,633.296805327454,6205.94121019642,,,1.10999989509583,0,334.86554972519,335.522798423366
2011-06-01T05:01:52Z,1306904512,1E00F,55.7908635,25.7943536,607.57,65.7,-4.8,203.6,-45467.1,-41466.22,204.2,Weapon+Missile,Red,Allies,R-77,,xu,,413.430476350947,403.792602539062,1.22289037195164,607.568420410156,607.568420410156,411.660543594435,-38.214599609375,0.831999167418915,NaN,14.6307569757876,10.2730843324884,1510.21856171319,12.7503957748413,12.7503957748413,12.7503957748413,8546.23793878853,595.821085001526,9142.05902379006,,,2.10999989509583,0,748.459452086739,750.918859901857
2011-06-01T05:01:53Z,1306904513,1E00F,55.7883036,25.79041,569.42,54.3,-3.6,214.2,-45727.79,-41900.64,214.7,Weapon+Missile,Red,Allies,R-77,,xu,,508.068883898708,494.119903564453,1.50216826357118,569.423828125,569.423828125,506.634958195226,-38.1445922851562,0.586154423432061,NaN,10.5538443809636,8.22128440675914,5000,2.98533582687378,2.98533582687378,2.98533582687378,12906.699539304,558.414018408203,13465.1135577122,,,3.10999989509583,0,1256.9408658317,1260.87579190362
2011-06-01T05:01:54Z,1306904514,1E00F,55.7849315,25.7857709,531.21,44.8,-3.4,212.5,-46070.64,-42411.34,213.1,Weapon+Missile,Red,Allies,R-77,,xu,,616.291030173903,597.01123046875,1.82134656895309,531.208435058594,531.208435058594,615.105045992626,-38.2153930664062,0.042137628471363,NaN,9.1076474468618,0.751229721725518,5000,2.05259490013123,2.05259490013123,2.05259490013123,18990.7316936405,520.937519966736,19511.6692136073,,,4.10999989509583,0,1874.13324089017,1879.30329844387
2011-06-01T05:01:55Z,1306904515,1E00F,55.7810758,25.7801874,489.36,37.1,-3,211.6,-46462.99,-43026.18,212.2,Weapon+Missile,Red,Allies,R-77,,xu,,730.561015007606,706.403625488281,2.1580235431899,489.356140136719,489.356140136719,729.361215077081,-41.852294921875,0.00823616245481447,NaN,7.46157185688873,1.19278250846407,5000,2.37592935562134,2.37592935562134,2.37592935562134,26685.9698324472,479.894439167175,27165.8642716143,,,5.10999989509583,0,2606.05192869633,2612.47606227914
2011-06-01T05:01:56Z,1306904516,1E00F,55.7767724,25.7737653,453.22,30.9,-1.9,210.8,-46901.13,-43733.46,211.4,Weapon+Missile,Red,Allies,R-77,,xu,,832.779620970855,804.99267578125,2.45895823819984,453.220001220703,453.220001220703,831.995238308852,-36.1361389160156,0.112675884242945,NaN,5.95384857874344,0.903876178743105,5000,1.85650837421417,1.85650837421417,1.85650837421417,34676.0948552181,444.456992497101,35120.5518477152,,,6.10999989509583,0,3441.02577280374,3448.29313304334
2011-06-01T05:01:57Z,1306904517,1E00F,55.771987,25.7665358,421.6,27.9,-2.5,211.1,-47388.48,-44529.7,211.6,Weapon+Missile,Red,Allies,R-77,,xu,,934.07737978391,903.206115722656,2.75706967498591,421.599975585938,421.599975585938,933.542031942232,-31.6200256347656,0.249176812340414,NaN,3.04615508679897,0.785236486551071,5000,2.81315088272095,2.81315088272095,2.81315088272095,43625.0275711988,413.448340057983,44038.4759112567,,,7.10999989509583,0,4377.94006038505,4385.80505930745
2011-06-01T05:01:58Z,1306904518,1E00F,55.7672229,25.7597553,368.33,24.9,-4.4,214,-47873.29,-45276.23,214.5,Weapon+Missile,Red,Allies,R-77,,xu,,891.733900588068,864.640625,2.63049405993356,368.333831787109,368.333831787109,890.141599624921,-53.2661437988281,0.0687480752928684,NaN,3.0769182588207,2.95617332089957,5000,7.83500957489014,7.83500957489014,7.83500957489014,39759.4674729005,361.212097149506,40120.67957005,,,8.10999989509583,0,5271.16574006448,5280.67276692563
2011-06-01T05:01:59Z,1306904519,1E00F,55.7624812,25.7541956,292.44,21.1,-7,228.5,-48354.63,-45887.53,229.1,Weapon+Missile,Red,Allies,R-77,,xu,,781.755444955584,761.59130859375,2.30408772832386,292.438446044922,292.438446044922,778.062636386523,-75.8953857421875,1.06343816074541,NaN,4.47694311413324,14.8298416221678,1926.19337669353,27.3686561584473,27.3686561584473,27.3686561584473,30557.0787858851,286.784148690643,30843.8629345758,,,9.10999989509583,0,6051.57796930084,6064.80697441335
2011-06-01T05:02:00Z,1306904520,1E00F,55.7575831,25.7517328,212.06,15.2,-8.9,253.4,-48848.5,-46155.69,253.9,Weapon+Missile,Red,Allies,R-77,,xu,,567.688103465958,558.179626464844,1.6716391651099,212.057678222656,212.057678222656,561.968606757601,-80.3807678222656,1.88570391645149,NaN,6.26153494047417,20.6311396333463,2115.45165863375,14.8754224777222,14.8754224777222,14.8754224777222,16113.4891408388,207.957543014221,16321.446683853,,,10.1099998950958,0,6614.0202406124,6632.98599440039
2011-06-01T05:02:01Z,1306904521,1E00F,55.7531052,25.7507582,139.28,12.7,-8.9,257.5,-49298.66,-46259.39,258,Weapon+Missile,Red,Allies,R-77,,xu,,467.649819717782,463.338470458984,1.37592944496969,139.276916503906,139.276916503906,461.951636652272,-72.78076171875,0.0482723776792504,NaN,2.01534293726064,7.74005318350214,5000,1.35730385780334,1.35730385780334,1.35730385780334,10934.8176941037,136.583997323303,11071.401691427,,,11.1099998950958,0,7075.91958648695,7100.59672719075
2011-06-01T05:02:02Z,1306904522,1E00F,55.7490323,25.7499423,73.98,11,-8.8,257.5,-49708.04,-46345.89,258.1,Weapon+Missile,Red,Allies,R-77,,xu,,423.480310777921,421.507537841797,1.24505493592031,73.9807739257812,73.9807739257812,418.416045797698,-65.296142578125,0.0349773621354237,NaN,1.67689340350817,0.260196963566135,5000,1.05211329460144,1.05211329460144,1.05211329460144,8966.77868082821,72.5503556619263,9039.32903649014,,,12.1099998950958,0,7494.26433493658,7524.01350354819
2011-06-01T05:02:03Z,1306904523,1E00F,55.7452981,25.7491953,14.71,9.5,-8.7,257.5,-50083.38,-46425.06,258.1,Weapon+Missile,Red,Allies,R-77,,xu,,388.15526006256,387.687927246094,1.14043515423842,14.7069225311279,14.7069225311279,383.602810801848,-59.2738513946533,0.0445482753402363,NaN,1.3692616832908,0.0862292573013466,5000,1.04625856876373,1.04625856876373,1.04625856876373,7533.22529571168,14.4225641839886,7547.64785989567,,,13.1099998950958,0,7877.80075769813,7912.10578956936
2011-06-01T05:02:04Z,1306904524,1E00F,55.7419139,25.7485186,-38.49,8.2,-8.6,257.5,-50423.54,-46496.79,258.1,Weapon+Missile,Red,Allies,R-77,,xu,,351.691520323083,352.142578125,1.0326827385668,-38.4915351867676,-38.4915351867676,347.644717439513,-53.1984577178955,0.0118263652919602,NaN,1.27691752571222,0.101835886039175,5000,1.03769373893738,1.03769373893738,1.03769373893738,6184.34627335807,-37.7473013539314,6146.59897200414,,,14.1099998950958,0,8225.37908839554,8263.73104656758
2011-06-01T05:02:05Z,1306904525,1E00F,55.7388418,25.7479042,-86.33,7.2,-8.6,257.5,-50732.34,-46561.89,258.1,Weapon+Missile,Red,Allies,R-77,,xu,,319.19054420964,320.234893798828,0.93674507366603,-86.3284606933594,-86.3284606933594,315.585538437557,-47.8369255065918,0.0260843646634511,NaN,1.01540324277078,0.101354391053222,5000,1.03614294528961,1.03614294528961,1.03614294528961,5094.1301756423,-84.6592999058533,5009.47087573645,,,15.1099998950958,0,8540.91496867867,8582.869440924
2011-06-01T05:02:06Z,1306904526,1E00F,55.7359846,25.7473328,-130.36,6.2,-8.5,257.5,-51019.55,-46622.42,258.1,Weapon+Missile,Red,Allies,R-77,,xu,,296.799613217141,298.3076171875,0.87060253762105,-130.357681274414,-130.357681274414,293.515652292802,-44.0292205810547,0.0243048614204211,NaN,0.953822257213941,0.101835886039175,5000,1.04469203948975,1.04469203948975,1.04469203948975,4404.50052029222,-127.837215506973,4276.66330478524,,,16.1099998950958,0,8834.37084587079,8879.6050109081
2011-06-01T05:02:07Z,1306904527,1E00F,55.733319,25.7468,-170.89,5.4,-8.3,257.5,-51287.48,-46678.88,258.1,Weapon+Missile,Red,Allies,R-77,,xu,,276.800102315446,278.689819335938,0.811568693924745,-170.890762329102,-170.890762329102,273.816299701197,-40.5330810546875,0.0225240291202389,NaN,0.769243225083516,0.219620157068625,5000,1.12908029556274,1.12908029556274,1.12908029556274,3830.91483209208,-167.586589439468,3663.32824265261,,,17.1099998950958,0,9108.14896342185,9156.36094697015
2011-06-01T05:02:08Z,1306904528,1E00F,55.7308039,25.7462975,-207.78,4.9,-8.1,257.6,-51540.3,-46732.11,258.1,Weapon+Missile,Red,Allies,R-77,,xu,,260.986672205287,263.194396972656,0.764887827532833,-207.775375366211,-207.775375366211,258.367119405494,-36.8846130371094,0.0330855706747694,NaN,0.753834318315967,0.0933131573165349,5000,0.944639205932617,0.944639205932617,0.944639205932617,3405.70215343949,-203.758038483505,3201.94411495599,,,18.1099998950958,0,9366.46461339339,9417.28907542126
2011-06-01T05:02:09Z,1306904529,1E00F,55.728416,25.7458203,-243.25,3.9,-8.4,257.5,-51780.34,-46782.66,258.1,Weapon+Missile,Red,Allies,R-77,,xu,,247.85298395842,250.345291137695,0.726107559522657,-243.25,-243.25,245.301146887218,-35.4746246337891,0.0237263184617824,NaN,0.969231163981489,0.219620157068625,5000,0.863633096218109,0.863633096218109,0.863633096218109,3071.55508285464,-238.54676125,2833.00832160464,,,19.1099998950958,0,9611.71400148132,9665.08225158788
2011-06-01T05:02:10Z,1306904530,1E00F,55.7261504,25.7453671,-278.11,3.2,-8.7,257.5,-52008.07,-46830.65,258.1,Weapon+Missile,Red,Allies,R-77,,xu,,235.332446922006,238.076568603516,0.689158481490664,-278.114593505859,-278.114593505859,232.735516614826,-34.8645935058594,0.0382858510485337,NaN,0.569255286185543,0.269614780575378,5000,0.893436253070831,0.893436253070831,0.893436253070831,2769.06802871493,-272.737247840424,2496.3307808745,,,20.1099998950958,0,9844.41705333728,9900.37318618021
2011-06-01T05:02:11Z,1306904531,1E00F,55.7239784,25.7449323,-312.46,2.6,-8.8,257.5,-52226.41,-46876.7,258.1,Weapon+Missile,Red,Allies,R-77,,xu,,225.762584413296,228.75163269043,0.660879694994041,-312.459228515625,-312.459228515625,223.134915616128,-34.3446350097656,0.0190206674190061,NaN,0.569255286185543,0.211911741641523,5000,0.913756608963013,0.913756608963013,0.913756608963013,2548.43722604853,-306.417829332275,2242.01939671626,,,21.1099998950958,0,10067.5190208884,10126.0929974353
2011-06-01T05:02:12Z,1306904532,1E00F,55.7219048,25.744517,-345.97,2.1,-9,257.5,-52434.85,-46920.68,258.1,Weapon+Missile,Red,Allies,R-77,,xu,,215.655159232849,218.850845336914,0.63105557258284,-345.971527099609,-345.971527099609,213.035380975469,-33.5122985839844,0.0238882430862212,NaN,0.415384784563495,0.174152294795151,5000,0.930263519287109,0.930263519287109,0.930263519287109,2325.35738518727,-339.282167623138,1986.07521756413,,,22.1099998950958,0,10280.5137938444,10341.6971816712
2011-06-01T05:02:13Z,1306904533,1E00F,55.7199061,25.7441166,-378.84,1.7,-9.2,257.5,-52635.77,-46963.09,258.1,Weapon+Missile,Red,Allies,R-77,,xu,,207.954598960328,211.356140136719,0.608298663348748,-378.835388183594,-378.835388183594,205.34137883876,-32.8638610839844,0.0308112523064625,NaN,0.399975877795947,0.139181245997009,5000,0.941931843757629,0.941931843757629,0.941931843757629,2162.25576143754,-371.510605953064,1790.74515548447,,,23.1099998950958,0,10485.8163612952,10549.6019384818
2011-06-01T05:02:14Z,1306904534,1E00F,55.7179846,25.7437314,-410.87,1.4,-9.3,257.5,-52828.93,-47003.88,258.1,Weapon+Missile,Red,Allies,R-77,,xu,,200.00658845922,203.583694458008,0.584840378426664,-410.869964599609,-410.869964599609,197.424469964952,-32.0345764160156,0.0380041859976358,NaN,0.292277454963186,0.100870594880489,5000,0.95085197687149,0.95085197687149,0.95085197687149,2000.1317713548,-402.925793834076,1597.20597752072,,,24.1099998950958,0,10683.2050228518,10749.5611189503
