ISOTime,UnixTime,Id,Longitude,Latitude,Altitude,Roll,Pitch,Yaw,U,V,Heading,Type,Color,Coalition,Name,Group,Country,Pilot,TAS,CAS,M,ASL,AGL,GS,VS,AOA,AOS,RRT,TRT,TRD,G,LatG,LonG,Ek,Ep,Em,FFW,FFV,RelativeTime,Elev,GroundDistance,AirDistance
2011-06-01T05:02:23Z,1306904543,2D90A,55.6886978,25.8420544,1654.41,-104.3,-12.7,114.5,-55658.22,-36084.88,115.1,Weapon+Missile,Red,Allies,R-27ER,,xu,,261.721361478089,244.297149658203,0.783570160666444,1654.40771484375,1654.40771484375,NaN,NaN,6.06723340439826,NaN,23.3230606192209,7.56535354602695,NaN,NaN,NaN,NaN,NaN,1622.41974167725,NaN,,,0.879999876022339,0,NaN,NaN
2011-06-01T05:02:24Z,1306904544,2D90A,55.6919632,25.8403261,1537.07,-84.7,-18.3,113.4,-55332.83,-36279.55,114,Weapon+Missile,Red,Allies,R-27ER,,xu,,396.918295408252,374.925994873047,1.18671003204539,1537.07299804688,1537.07299804688,379.178978140916,-117.334716796875,2.3670656090308,NaN,18.1692457583394,5.56897467608921,2405.64207674769,7.66105222702026,7.66105222702026,7.66105222702026,7877.20666148961,1507.35369162964,9384.56035311924,,,1.87999987602234,0,379.527773938596,397.342234229633
2011-06-01T05:02:25Z,1306904545,2D90A,55.6975611,25.8384145,1324.09,-70.1,-19.5,107,-54773.87,-36496.85,107.6,Weapon+Missile,Red,Allies,R-27ER,,xu,,636.411854475265,596.046142578125,1.89804057255129,1324.09313964844,1324.09313964844,599.71628995153,-212.979858398438,0.111024617522256,NaN,13.153878831934,5.60877162706193,5000,9.90073013305664,9.90073013305664,9.90073013305664,20251.0024258323,1298.49179879333,21549.4942246256,,,2.87999987602234,0,979.390944843998,1034.01929563164
2011-06-01T05:02:26Z,1306904546,2D90A,55.7055692,25.8367079,1053.74,-61.4,-15.8,99.6,-53973.07,-36693.81,100.1,Weapon+Missile,Red,Allies,R-27ER,,xu,,867.847231507122,816.312805175781,2.58019167932961,1053.74230957031,1053.74230957031,824.66311055524,-270.350830078125,0.228807046480175,NaN,7.35387343405597,7.48131451868465,5000,13.4571542739868,13.4571542739868,13.4571542739868,37657.9408617288,1033.36820201477,38691.3090637436,,,3.87999987602234,0,1803.92009409941,1901.88528015767
2011-06-01T05:02:27Z,1306904547,2D90A,55.7143833,25.83571,854.24,-58,-8.7,96.3,-53090.71,-36813.01,96.9,Weapon+Missile,Red,Allies,R-27ER,,xu,,912.450298337708,865.439208984375,2.7065797091917,854.243041992188,854.243041992188,890.373847983174,-199.499267578125,0.230498631800776,NaN,2.00000233238479,7.55712108073533,5000,11.8855047225952,11.8855047225952,11.8855047225952,41628.2773468286,837.726252775269,42466.0035996038,,,4.87999987602234,0,2693.9795815607,2814.15873183846
2011-06-01T05:02:28Z,1306904548,2D90A,55.7227994,25.8349871,766.42,-52.6,-4.9,91.6,-52247.92,-36901.29,92.1,Weapon+Missile,Red,Allies,R-27ER,,xu,,851.942681142259,811.929870605469,2.52455314189952,766.424621582031,766.424621582031,847.404423512484,-87.8184204101562,0.857835778642831,NaN,8.35384044930252,5.12085620992843,5000,7.94181251525879,7.94181251525879,7.94181251525879,36290.316597593,751.605801523743,37041.9223991168,,,5.87999987602234,0,3541.04719982529,3665.87344772053
2011-06-01T05:02:29Z,1306904549,2D90A,55.7310796,25.8349242,698.06,-45.4,-4.7,91.2,-51418.05,-36916.3,91.8,Weapon+Missile,Red,Allies,R-27ER,,xu,,832.813928351913,796.359252929688,2.46593801059157,698.056091308594,698.056091308594,830.0028815162,-68.3685302734375,0.0615606292654619,NaN,6.93846132873579,1.75728814513381,5000,3.65422081947327,3.65422081947327,3.65422081947327,34678.9519628473,684.559176783142,35363.5111396304,,,6.87999987602234,0,4370.69782575376,4498.43123605823
2011-06-01T05:02:30Z,1306904550,2D90A,55.7393543,25.8345468,628.51,-39.3,-4.8,94.8,-50589.05,-36966.08,95.4,Weapon+Missile,Red,Allies,R-27ER,,xu,,833.403859350592,799.373046875,2.46572374660697,628.512268066406,628.512268066406,830.497230235792,-69.5438232421875,0,NaN,5.80001905825641,3.44223604922071,5000,6.15755653381348,6.15755653381348,6.15755653381348,34728.0996390231,616.359983363342,35344.4596223864,,,7.87999987602234,0,5200.83989831721,5331.56720490849
2011-06-01T05:02:31Z,1306904551,2D90A,55.7475698,25.8336338,559.17,-34.2,-4.7,99.3,-49766.55,-37075.08,99.9,Weapon+Missile,Red,Allies,R-27ER,,xu,,832.575652870082,801.041442871094,2.46132474435757,559.173828125,559.173828125,829.683312173106,-69.3384399414062,0.168379668979397,NaN,5.03076217279455,4.08231100558918,5000,6.15089225769043,6.15089225769043,6.15089225769043,34659.1108876022,548.362202158203,35207.4730897604,,,8.87999987602234,0,6030.23362152037,6163.93122830273
2011-06-01T05:02:32Z,1306904552,2D90A,55.7556579,25.8321957,490.88,-29.7,-4.7,103.2,-48957.36,-37242.05,103.8,Weapon+Missile,Red,Allies,R-27ER,,xu,,829.059507942521,800.108825683594,2.44902334507758,490.879974365234,490.879974365234,826.24186365043,-68.2938537597656,0.0482191381875628,NaN,4.38460578674384,4.29517128975169,5000,6.23710680007935,6.23710680007935,6.23710680007935,34366.9833854948,481.388810060883,34848.3721955557,,,9.87999987602234,0,6856.28078295912,6992.86446214609
2011-06-01T05:02:33Z,1306904553,2D90A,55.7635962,25.8302391,427.94,-26.6,-3.4,106,-48163.71,-37466.26,106.5,Weapon+Missile,Red,Allies,R-27ER,,xu,,827.105455469985,800.462829589844,2.44150200334513,427.941528320312,427.941528320312,824.707333832834,-62.9384460449219,0.355699414959417,NaN,2.44612296821335,2.08002696313478,5000,2.31729078292847,2.31729078292847,2.31729078292847,34205.1717234105,419.667278870239,34624.8390022808,,,10.8799998760223,0,7680.95522089101,7819.99634532461
2011-06-01T05:02:34Z,1306904554,2D90A,55.7711791,25.8284094,379.94,-22.4,-3.7,103.3,-47405.53,-37676.05,103.8,Weapon+Missile,Red,Allies,R-27ER,,xu,,788.138749697008,764.813110351562,2.32520875019635,379.935363769531,379.935363769531,786.675344051844,-48.0061645507812,0.107739239488345,NaN,4.44615262135482,2.58917573085056,5000,5.79887104034424,5.79887104034424,5.79887104034424,31058.1344386982,372.589313511047,31430.7237522092,,,11.8799998760223,0,8467.57823591619,8608.1325888468
2011-06-01T05:02:35Z,1306904555,2D90A,55.7782434,25.8272122,334.15,-19.7,-3,97.8,-46698.66,-37815.24,98.3,Weapon+Missile,Red,Allies,R-27ER,,xu,,721.890499974476,702.809875488281,2.12865305882908,334.153839111328,334.153839111328,720.437329650102,-45.7815246582031,0.235160745415061,NaN,2.0615662424687,4.94521021145873,5000,6.86767578125,6.86767578125,6.86767578125,26056.2946976699,327.692974632111,26383.9876723021,,,12.8799998760223,0,9187.85106788826,9329.89916162822
2011-06-01T05:02:36Z,1306904556,2D90A,55.7847908,25.8266683,300.23,-16.7,-3,92.6,-46042.93,-37881.56,93.2,Weapon+Missile,Red,Allies,R-27ER,,xu,,659.95633934457,644.460266113281,1.94527795757492,300.230773925781,300.230773925781,659.083906258909,-33.9230651855469,0.111456466109505,NaN,3.07689435315861,5.13708004364132,5000,5.54164457321167,5.54164457321167,5.54164457321167,21777.1184920542,294.425811911926,22071.5443039662,,,13.8799998760223,0,9846.69339552679,9989.64696348888
2011-06-01T05:02:37Z,1306904557,2D90A,55.7908532,25.8266323,265.37,-13.8,-3.5,88.2,-45435.28,-37891.16,88.7,Weapon+Missile,Red,Allies,R-27ER,,xu,,608.722938838299,596.286315917969,1.79355446890418,265.374603271484,265.374603271484,607.724167394431,-34.8561706542969,0.111443346632419,NaN,2.78460153026979,4.29654287711439,5000,4.46626234054565,4.46626234054565,4.46626234054565,18527.1808133968,260.24358531723,18787.424398714,,,14.8799998760223,0,10454.1535638667,10598.1332268014
2011-06-01T05:02:38Z,1306904558,2D90A,55.7964553,25.8269756,228.76,-11,-4,81.9,-44873.39,-37858.28,82.5,Weapon+Missile,Red,Allies,R-27ER,,xu,,564.033712443855,554.3046875,1.66119216970675,228.75537109375,228.75537109375,562.843726631034,-36.6192321777344,0.241723470069769,NaN,2.93843958849328,6.91372067601471,3558.43076125779,8.59154224395752,8.59154224395752,8.59154224395752,15906.7014386598,224.332385993652,16131.0338246535,,,15.8799998760223,0,11016.7851961389,11161.9770407394
2011-06-01T05:02:39Z,1306904559,2D90A,55.8013374,25.8279929,192.67,-8.8,-4,73.2,-44382.99,-37750.07,73.8,Weapon+Missile,Red,Allies,R-27ER,,xu,,503.497926907595,496.927490234375,1.48229680793284,192.66845703125,192.66845703125,502.203043632445,-36.0869140625,0.503252125935277,NaN,1.73845731359208,6.87410002929994,5000,3.87594747543335,3.87594747543335,3.87594747543335,12675.5081200123,188.943212414551,12864.4513324268,,,16.8799998760223,0,11518.9113108295,11665.4147824396
2011-06-01T05:02:40Z,1306904560,2D90A,55.805798,25.8292378,160.32,-7.6,-3.9,72.7,-43934.62,-37616.27,73.3,Weapon+Missile,Red,Allies,R-27ER,,xu,,469.026288829203,464.304290771484,1.38030748531221,160.320770263672,160.320770263672,467.909485663287,-32.3476867675781,0.0471924011593811,NaN,1.13844739312126,1.7984763202631,5000,1.05345153808594,1.05345153808594,1.05345153808594,10999.2829806447,157.220968170624,11156.5039488154,,,17.8799998760223,0,11986.8530942049,12134.4862100502
2011-06-01T05:02:41Z,1306904561,2D90A,55.8099386,25.8304026,130.74,-6.6,-3.9,72.7,-43518.42,-37491.02,73.3,Weapon+Missile,Red,Allies,R-27ER,,xu,,435.64279792289,432.469970703125,1.28163403486284,130.735382080078,130.735382080078,434.637034993695,-29.5853881835938,0.0629750016616229,NaN,1.01536909182493,0.0670851975531529,5000,1.03353583812714,1.03353583812714,1.03353583812714,9489.23236910421,128.20761346756,9617.43998257177,,,18.8799998760223,0,12421.5198317969,12570.1685367705
2011-06-01T05:02:42Z,1306904562,2D90A,55.8138235,25.8314954,103.33,-5.6,-3.8,72.7,-43127.92,-37373.51,73.3,Weapon+Missile,Red,Allies,R-27ER,,xu,,408.713997633149,406.636444091797,1.20203921155402,103.332305908203,103.332305908203,407.794314915728,-27.403076171875,0.0584265207555974,NaN,0.969223480018673,0.0523391626455858,5000,1.03200423717499,1.03200423717499,1.03200423717499,8352.35659306347,101.334375773468,8453.69096883694,,,19.8799998760223,0,12829.3447820818,12978.9205672761
2011-06-01T05:02:43Z,1306904563,2D90A,55.817463,25.8325189,77.98,-4.8,-3.8,72.7,-42762.1,-37263.42,73.3,Weapon+Missile,Red,Allies,R-27ER,,xu,,382.865916754886,381.593414306641,1.1256971709319,77.976921081543,77.976921081543,382.025411030276,-25.3553848266602,0.0602932297963723,NaN,0.769197121306618,0.0541761800424684,5000,1.02754878997803,1.02754878997803,1.02754878997803,7329.31551062798,76.4692373124313,7405.78474794041,,,20.8799998760223,0,13211.3904179702,13361.8120827154
2011-06-01T05:02:44Z,1306904564,2D90A,55.8208463,25.8334703,54.7,-4.2,-3.7,72.7,-42422.05,-37161.11,73.3,Weapon+Missile,Red,Allies,R-27ER,,xu,,355.872061660146,355.124450683594,1.04605558568816,54.7015380859375,54.7015380859375,355.110096754021,-23.2753829956055,0.0569776833098917,NaN,0.707704074435347,0.0541761800424684,5000,1.02975368499756,1.02975368499756,1.02975368499756,6332.24621351213,53.6438838470459,6385.89009735917,,,21.8799998760223,0,13566.5359085401,13717.7231483893
2011-06-01T05:02:45Z,1306904565,2D90A,55.8240113,25.8343602,33.22,-3.7,-3.7,72.7,-42103.93,-37065.39,73.3,Weapon+Missile,Red,Allies,R-27ER,,xu,,332.902115031982,332.497467041016,0.978300470615189,33.2199974060059,33.2199974060059,332.208310556469,-21.4815406799316,0.0560886625149106,NaN,0.400030519309307,0.0550717152262136,5000,1.03474831581116,1.03474831581116,1.03474831581116,5541.19090963834,32.5776887561607,5573.7685983945,,,22.8799998760223,0,13898.7668441271,14050.6501264032
2011-06-01T05:02:46Z,1306904566,2D90A,55.8269652,25.8351906,13.53,-3.2,-3.6,72.7,-41807.04,-36976.06,73.3,Weapon+Missile,Red,Allies,R-27ER,,xu,,310.666092715687,310.510192871094,0.912752932059111,13.5338459014893,13.5338459014893,310.041733645928,-19.6861515045166,0.059574657588171,NaN,0.430797960199275,0.155452130641942,5000,1.088214635849,1.088214635849,1.088214635849,4825.67105816158,13.272168990984,4838.94322715257,,,23.8799998760223,0,14208.8331494759,14361.3418756031
2011-06-01T05:02:47Z,1306904567,2D90A,55.8297577,25.8359753,-4.2,-2.9,-3.4,72.7,-41526.38,-36891.64,73.3,Weapon+Missile,Red,Allies,R-27ER,,xu,,293.619307693943,293.671630859375,0.862496335048292,-4.19923067092896,-4.19923067092896,293.083325772633,-17.7330765724182,0.0637397638779346,NaN,0.476949121534229,0.0431146153104601,5000,0.96547532081604,0.96547532081604,0.96547532081604,4310.61489253353,-4.11803854590654,4306.49685398762,,,24.8799998760223,0,14501.9336070814,14654.978497948
2011-06-01T05:02:48Z,1306904568,2D90A,55.8324096,25.8367206,-21.38,-2.3,-3.6,72.7,-41259.84,-36811.46,73.3,Weapon+Missile,Red,Allies,R-27ER,,xu,,278.859801733195,279.100769042969,0.818982410647049,-21.3776912689209,-21.3776912689209,278.330180746106,-17.1784605979919,0.0559987893234153,NaN,0.569251017317311,0.155452130641942,5000,0.919203281402588,0.919203281402588,0.919203281402588,3888.13945113385,-20.9643536082363,3867.17509752561,,,25.8799998760223,0,14780.2914905978,14933.8653927816
2011-06-01T05:02:49Z,1306904569,2D90A,55.8349141,25.8374246,-38.36,-1.8,-3.8,72.7,-41008.12,-36735.72,73.3,Weapon+Missile,Red,Allies,R-27ER,,xu,,263.412879539766,263.825927734375,0.773468587471484,-38.3576927185059,-38.3576927185059,262.865031257874,-16.980001449585,0.0646564190169068,NaN,0.553867296872327,0.139532267027538,5000,0.936062097549438,0.936062097549438,0.936062097549438,3469.31725537155,-37.6160467297935,3431.70120864176,,,26.8799998760223,0,15043.1706915318,15197.2911840715
2011-06-01T05:02:50Z,1306904570,2D90A,55.8372928,25.8380932,-55.07,-1.5,-3.9,72.7,-40769.06,-36663.78,73.3,Weapon+Missile,Red,Allies,R-27ER,,xu,,250.211197105695,250.781494140625,0.734565934610863,-55.0669212341309,-55.0669212341309,249.652648372649,-16.709228515625,0.0563193743437449,NaN,0.400030519309307,0.114070615802413,5000,0.950032234191895,0.950032234191895,0.950032234191895,3130.28215785325,-54.0022023120689,3076.27995554118,,,27.8799998760223,0,15292.8447943664,15447.5219632638
2011-06-01T05:02:51Z,1306904571,2D90A,55.8395809,25.8387363,-71.6,-1.2,-4,72.7,-40539.11,-36594.57,73.2,Weapon+Missile,Red,Allies,R-27ER,,xu,,240.709925809147,241.429946899414,0.706540921917276,-71.5961532592773,-71.5961532592773,240.141734964383,-16.5292320251465,0.0541839350477253,NaN,0.338441209459421,0.113209691801874,5000,0.961021304130554,0.961021304130554,0.961021304130554,2897.06341915226,-70.2118416360092,2826.85157751625,,,28.8799998760223,0,15533.0103800907,15688.2533044498
2011-06-01T05:02:52Z,1306904572,2D90A,55.8417665,25.8393507,-87.73,-1,-4.1,72.7,-40319.45,-36528.45,73.2,Weapon+Missile,Red,Allies,R-27ER,,xu,,229.96039633601,230.812576293945,0.67486606908197,-87.7330703735352,-87.7330703735352,229.393512962033,-16.1369171142578,0.0647277454678456,NaN,0.199987938897973,0.100870594880489,5000,0.96738862991333,0.96738862991333,0.96738862991333,2644.08919415075,-86.0367514578629,2558.05244269288,,,29.8799998760223,0,15762.419290295,15918.2262017593
