ISOTime,UnixTime,Id,Longitude,Latitude,Altitude,Roll,Pitch,Yaw,U,V,Heading,Type,Color,Coalition,Name,Group,Country,Pilot,TAS,CAS,M,ASL,AGL,GS,VS,AOA,AOS,RRT,TRT,TRD,G,LatG,LonG,Ek,Ep,Em,FFW,FFV,RelativeTime,Elev,GroundDistance,AirDistance
2011-06-01T05:00:47Z,1306904447,18C05,55.7185833,25.778042,631.98,10.4,0.3,57.3,-52731.94,-43204.3,57.8,Weapon+Missile,Blue,Enemies,R-27ER,,ru,,376.540241735384,367.90966796875,1.11408293569855,631.982299804688,631.982299804688,NaN,NaN,0.187462332868094,NaN,2.38461028454821,1.39463396974735,NaN,NaN,NaN,NaN,NaN,619.762922037964,NaN,,,0.599999904632568,0,NaN,NaN
2011-06-01T05:00:48Z,1306904448,18C05,55.7232682,25.7807604,630.76,8.5,0.6,56.6,-52259.21,-42907.79,57.2,Weapon+Missile,Blue,Enemies,R-27ER,,ru,,558.031748249733,539.876281738281,1.65104515068995,630.756103515625,630.756103515625,558.030401051156,-1.2261962890625,1.12426235458592,NaN,1.61542170097806,2.75069519056938,5000,7.84174346923828,7.84174346923828,7.84174346923828,15569.9716027327,618.56043425415,16188.5320369868,,,1.59999990463257,0,558.674591035097,558.731239518766
2011-06-01T05:00:49Z,1306904449,18C05,55.7293985,25.7851725,623.92,8.5,-1.4,45.9,-51639.76,-42425.07,46.5,Weapon+Missile,Blue,Enemies,R-27ER,,ru,,785.348870311623,754.073059082031,2.3234255122713,623.919982910156,623.919982910156,785.319117018559,-6.83612060546875,0.182334828365625,NaN,0.199999891729021,9.01858434140578,3662.3297306033,18.7313690185547,18.7313690185547,18.7313690185547,30838.6424049871,611.856490040588,31450.4988950277,,,2.59999990463257,0,1345.32348357801,1345.48720501145
2011-06-01T05:00:50Z,1306904450,18C05,55.7353018,25.7916738,580.48,9.1,-3.7,32.6,-51040.89,-41710.68,33.2,Weapon+Missile,Blue,Enemies,R-27ER,,ru,,933.208011879786,895.933715820312,2.75949258023564,580.481506347656,580.481506347656,932.196487973727,-43.4384765625,1.08214228899101,NaN,0.430769785668949,10.6825849090819,5000,14.0582628250122,14.0582628250122,14.0582628250122,43543.8596718311,569.257896422424,44113.1175682536,,,3.59999990463257,0,2280.14735560267,2281.40792863247
2011-06-01T05:00:51Z,1306904451,18C05,55.7399631,25.7987239,521.61,7.7,-3.7,30.6,-50566.03,-40934.33,31.1,Weapon+Missile,Blue,Enemies,R-27ER,,ru,,911.969837980344,878.043884277344,2.69488171515276,521.608459472656,521.608459472656,910.067552293537,-58.873046875,0.0450094726800881,NaN,1.53848645016703,4.50385832833132,5000,1.06460380554199,1.06460380554199,1.06460380554199,41584.4492692947,511.523159908752,42095.9724292035,,,4.59999990463257,0,3193.48633681565,3196.72114133443
2011-06-01T05:00:52Z,1306904452,18C05,55.7445871,25.8058092,461.86,6.4,-3.8,30.6,-50094.94,-40154,31.1,Weapon+Missile,Blue,Enemies,R-27ER,,ru,,913.459186855338,881.827575683594,2.69744686451246,461.858459472656,461.858459472656,911.502947636712,-59.75,0.0461059567465236,NaN,1.18462800964701,0.0726849788369981,5000,0.961783230304718,0.961783230304718,0.961783230304718,41720.3843025208,452.928426158752,42173.3127286795,,,5.59999990463257,0,4108.28688763521,4113.54127285987
2011-06-01T05:00:53Z,1306904453,18C05,55.7491611,25.8128183,402.41,5.2,-3.8,30.6,-49628.98,-39382.07,31.1,Weapon+Missile,Blue,Enemies,R-27ER,,ru,,903.623518452894,874.738647460938,2.66659875709323,402.407684326172,402.407684326172,901.665718786995,-59.4507751464844,0.0316331660292705,NaN,0.984640070749038,0.0139882274201861,5000,0.969730913639069,0.969730913639069,0.969730913639069,40826.7731550593,394.627131749725,41221.4002868091,,,6.59999990463257,0,5013.22230230817,5020.48860807519
2011-06-01T05:00:54Z,1306904454,18C05,55.7537205,25.8198044,342.88,4.3,-3.8,30.6,-49164.57,-38612.64,31.1,Weapon+Missile,Blue,Enemies,R-27ER,,ru,,900.684800294781,874.241088867188,2.65613031593714,342.876922607422,342.876922607422,898.715304137654,-59.53076171875,0.0245704734870951,NaN,0.969231163981489,0.0139882274201861,5000,0.972885191440582,0.972885191440582,0.972885191440582,40561.6554741025,336.247397308807,40897.9028714113,,,7.59999990463257,0,5915.19475348191,5924.47604203494
2011-06-01T05:00:55Z,1306904455,18C05,55.7582542,25.8267507,283.44,3.5,-3.8,30.6,-48702.82,-37847.58,31.1,Weapon+Missile,Blue,Enemies,R-27ER,,ru,,895.578232851038,871.632446289062,2.63929135219059,283.440765380859,283.440765380859,893.603779295235,-59.4361572265625,0.0264883838731623,NaN,0.738480053061779,0.0139882274201861,5000,0.976490557193756,0.976490557193756,0.976490557193756,40103.0185578294,277.96043818222,40380.9789960116,,,8.59999990463257,0,6812.02135020669,6823.3139492356
2011-06-01T05:00:56Z,1306904456,18C05,55.7627804,25.833685,223.9,2.9,-3.8,30.6,-48241.89,-37083.83,31.1,Weapon+Missile,Blue,Enemies,R-27ER,,ru,,894.044527507536,872.463256835938,2.63299529747536,223.897689819336,223.897689819336,892.059549199967,-59.5430755615234,0.0339461158919241,NaN,0.569255286185543,0.0139882274201861,5000,0.978993713855743,0.978993713855743,0.978993713855743,39965.7808583087,219.568627986679,40185.3494862953,,,9.59999990463257,0,7707.31620308784,7720.62215208604
2011-06-01T05:00:57Z,1306904457,18C05,55.7672156,25.8404794,165.37,2.4,-3.8,30.6,-47790.29,-36335.48,31.1,Weapon+Missile,Blue,Enemies,R-27ER,,ru,,876.015749153542,857.224853515625,2.57819245618266,165.365371704102,165.365371704102,874.058099042105,-58.5323181152344,0.0431001411977016,NaN,0.461556863352782,0.0139882274201861,5000,0.985568821430206,0.985568821430206,0.985568821430206,38370.1796382521,162.168032242203,38532.3476704943,,,10.5999999046326,0,8584.53803666266,8599.82130051844
2011-06-01T05:00:58Z,1306904458,18C05,55.7713159,25.8467604,111.1,2,-3.8,30.6,-47372.81,-35643.67,31.1,Weapon+Missile,Blue,Enemies,R-27ER,,ru,,809.837038500849,794.89208984375,2.38196203604276,111.099235534668,111.099235534668,808.016841033073,-54.2661361694336,0.031710646844675,NaN,0.369212705774209,0.0523391626455858,5000,0.986407101154327,0.986407101154327,0.986407101154327,32791.8014463913,108.951131815605,32900.7525782069,,,11.5999999046326,0,9395.48439650785,9412.59883340334
2011-06-01T05:00:59Z,1306904459,18C05,55.7750738,25.8525165,61.23,1.6,-3.9,30.6,-46990.25,-35009.66,31.1,Weapon+Missile,Blue,Enemies,R-27ER,,ru,,742.16542542716,730.737365722656,2.1816926835948,61.2338447570801,61.2338447570801,740.488326377989,-49.8653907775879,0.047186137783006,NaN,0.369212705774209,0.0523391626455858,5000,0.981515228748322,0.981515228748322,0.981515228748322,27540.4759349738,60.0498883687019,27600.5258233425,,,12.5999999046326,0,10138.6589891177,10157.4544941886
2011-06-01T05:01:00Z,1306904460,18C05,55.7785626,25.8578598,14.83,1.3,-3.9,30.6,-46635.12,-34421.11,31.1,Weapon+Missile,Blue,Enemies,R-27ER,,ru,,688.956457003298,680.361206054688,2.02421898313068,14.8292303085327,14.8292303085327,687.391890703126,-46.4046144485474,0.0386537103420908,NaN,0.323095268498283,0.0139882274201861,5000,0.981972515583038,0.981972515583038,0.981972515583038,23733.0499823269,14.5425071405172,23747.5924894674,,,13.5999999046326,0,10828.5444142635,10848.9029477775
2011-06-01T05:01:01Z,1306904461,18C05,55.781821,25.86285,-28.63,1.1,-3.9,30.6,-46303.46,-33871.42,31.1,Weapon+Missile,Blue,Enemies,R-27ER,,ru,,643.459103848772,637.258178710938,1.88961853277562,-28.634614944458,-28.634614944458,641.989495616314,-43.4638452529907,0.0288485409815047,NaN,0.199987938897973,0.0139882274201861,5000,0.978437185287476,0.978437185287476,0.978437185287476,20701.9809162933,-28.0809646645069,20673.8999516288,,,14.5999999046326,0,11472.8534414775,11494.6756088886
2011-06-01T05:01:02Z,1306904462,18C05,55.7848109,25.8674292,-68.68,0.9,-3.9,30.6,-45999.16,-33367.04,31.1,Weapon+Missile,Blue,Enemies,R-27ER,,ru,,590.429502369734,586.59130859375,1.73310793531687,-68.6800003051758,-68.6800003051758,589.069914678965,-40.0453853607178,0.0210044364320916,NaN,0.199987938897973,0.0139882274201861,5000,0.971258938312531,0.971258938312531,0.971258938312531,17430.3498634286,-67.3520724992752,17362.9977909293,,,15.5999999046326,0,12064.0752148892,12087.247532874
2011-06-01T05:01:03Z,1306904463,18C05,55.7876298,25.8717464,-106.69,0.7,-3.9,30.6,-45712.27,-32891.48,31.1,Weapon+Missile,Blue,Enemies,R-27ER,,ru,,556.690817769601,554.549072265625,1.63337573455909,-106.689224243164,-106.689224243164,555.391722556809,-38.0092239379883,0.0195868847415461,NaN,0.169224766876236,0.0139882274201861,5000,1.0236918926239,1.0236918926239,1.0236918926239,15495.2333294494,-104.626388092422,15390.6069413569,,,16.5999999046326,0,12621.4649539555,12645.9240761659
2011-06-01T05:01:04Z,1306904464,18C05,55.790251,25.8757599,-141.78,0.6,-3.9,30.6,-45445.55,-32449.38,31.1,Weapon+Missile,Blue,Enemies,R-27ER,,ru,,517.522888506969,517.018798828125,1.51785564288271,-141.779998779297,-141.779998779297,516.331848398926,-35.0907745361328,0.0308701560737341,NaN,0.199987938897973,0.0139882274201861,5000,1.01679813861847,1.01679813861847,1.01679813861847,13391.4970064298,-139.038682502899,13252.4583239269,,,17.5999999046326,0,13139.6793361531,13165.315110825
2011-06-01T05:01:05Z,1306904465,18C05,55.7926956,25.8795025,-174.31,0.5,-3.9,30.6,-45196.79,-32037.11,31.1,Weapon+Missile,Blue,Enemies,R-27ER,,ru,,482.599034831042,483.440673828125,1.41491007463783,-174.308456420898,-174.308456420898,481.501534642738,-32.5284576416016,0.0494126921808933,NaN,0.153870501622047,0.0523391626455858,5000,1.01038217544556,1.01038217544556,1.01038217544556,11645.0914209927,-170.938202416,11474.1532185767,,,18.5999999046326,0,13622.9192699241,13649.6366583908
2011-06-01T05:01:06Z,1306904466,18C05,55.7949786,25.8829972,-204.54,0.4,-3.8,30.6,-44964.48,-31652.16,31.1,Weapon+Missile,Blue,Enemies,R-27ER,,ru,,450.632246427018,452.5576171875,1.32074033953059,-204.538452148438,-204.538452148438,449.617135881378,-30.2299957275391,0.0430186544487604,NaN,0.0154089067675488,0.0523391626455858,5000,1.01273131370544,1.01273131370544,1.01273131370544,10153.471075993,-200.583701176147,9952.8873748169,,,19.5999999046326,0,14074.1709457266,14101.8864043145
2011-06-01T05:01:07Z,1306904467,18C05,55.7971245,25.8862814,-232.82,0.3,-3.8,30.6,-44746.15,-31290.38,31.1,Weapon+Missile,Blue,Enemies,R-27ER,,ru,,423.494447014243,426.223754882812,1.24080988337822,-232.823852539062,-232.823852539062,422.548793367869,-28.285400390625,0.0348890683230102,NaN,0.199987938897973,0.0139882274201861,5000,1.00970983505249,1.00970983505249,1.00970983505249,8967.37733259499,-228.32220335022,8739.05512924477,,,20.5999999046326,0,14498.25220094,14526.8953957067
