ISOTime,UnixTime,Id,Longitude,Latitude,Altitude,Roll,Pitch,Yaw,U,V,Heading,Type,Color,Coalition,Name,Group,Country,Pilot,TAS,CAS,M,ASL,AGL,GS,VS,AOA,AOS,RRT,TRT,TRD,G,LatG,LonG,Ek,Ep,Em,FFW,FFV,RelativeTime,Elev,GroundDistance,AirDistance
2011-06-01T05:01:10Z,1306904470,1D006,55.7897902,25.7901132,326.89,23.9,0.1,23.5,-45579.03,-41934.89,24,Weapon+Missile,Blue,Enemies,R-27ET,,cn,,365.986540347082,361.621704101562,1.07910289392906,326.885375976562,326.885375976562,NaN,NaN,0.855749301740285,NaN,5.32306694851442,6.49990297579459,NaN,NaN,NaN,NaN,NaN,320.565047232056,NaN,,,0.799999952316284,0,NaN,NaN
2011-06-01T05:01:11Z,1306904471,1D006,55.7923168,25.7947367,334.19,19.5,0.7,30.2,-45320.99,-41425.13,30.7,Weapon+Missile,Blue,Enemies,R-27ET,,cn,,571.395283355093,559.009338378906,1.68488548797722,334.190765380859,334.190765380859,571.348581100976,7.30538940429688,0.486799678267167,NaN,4.07691259482393,6.09276053919633,3736.69463864793,10.7975473403931,10.7975473403931,10.7975473403931,16324.6284920224,327.729186932221,16652.3576789546,,,1.79999995231628,0,573.613861769256,573.69010393405
2011-06-01T05:01:12Z,1306904472,1D006,55.7968446,25.800574,338.53,16.5,-0.4,37.1,-44861.1,-40782.78,37.6,Weapon+Missile,Blue,Enemies,R-27ET,,cn,,790.015933087393,767.995544433594,2.32965169487873,338.534606933594,338.534606933594,790.003990858597,4.34384155273438,0.400526885067484,NaN,2.7077055530465,5.20666473024494,5000,1.41236066818237,1.41236066818237,1.41236066818237,31206.2587265973,331.989040308533,31538.2477669058,,,2.79999995231628,0,1366.19304110804,1366.32298418069
2011-06-01T05:01:13Z,1306904473,1D006,55.8022657,25.8072787,328.74,13.9,-0.8,35.7,-44310.82,-40045.15,36.2,Weapon+Missile,Blue,Enemies,R-27ET,,cn,,920.330182589897,893.729736328125,2.71362932136855,328.735382080078,328.735382080078,920.278012438754,-9.79922485351562,0.0468176843511485,NaN,2.50766297263516,0.743900074972448,5000,1.34198451042175,1.34198451042175,1.34198451042175,42350.3822492976,322.37928346756,42672.7615327652,,,3.79999995231628,0,2289.35841975062,2289.58865709818
2011-06-01T05:01:14Z,1306904474,1D006,55.8074409,25.8138706,312.51,11.6,-1.2,35,-43785.38,-39319.77,35.5,Weapon+Missile,Blue,Enemies,R-27ET,,cn,,895.843828344469,870.75927734375,2.64094435857607,312.513061523438,312.513061523438,895.696935965862,-16.2223205566406,0.036631731122277,NaN,2.30772967525055,0.826873746618292,5000,1.50875985622406,1.50875985622406,1.50875985622406,40126.8082391438,306.470621478882,40433.2788606226,,,4.79999995231628,0,3187.94104916537,3188.36287096426
2011-06-01T05:01:15Z,1306904475,1D006,55.8123516,25.8203303,293.38,9.7,-1.3,34,-43286.62,-38608.77,34.5,Weapon+Missile,Blue,Enemies,R-27ET,,cn,,868.696146017253,845.307250976562,2.56035766376634,293.382293701172,293.382293701172,868.485467827619,-19.1307678222656,0.0263872043780179,NaN,1.98457976523891,1.04243862560957,5000,2.15664958953857,2.15664958953857,2.15664958953857,37731.6497052614,287.70974705246,38019.3594523139,,,5.79999995231628,0,4059.29076029764,4059.96394517583
2011-06-01T05:01:16Z,1306904476,1D006,55.8169746,25.8266952,275.94,7.9,-1.1,32.7,-42816.86,-37908,33.2,Weapon+Missile,Blue,Enemies,R-27ET,,cn,,843.83877453438,821.972229003906,2.48660237853668,275.935394287109,275.935394287109,843.658392424636,-17.4468994140625,0.0909650665610293,NaN,1.73847438906501,1.13510486929619,5000,1.92986929416656,1.92986929416656,1.92986929416656,35603.1938703842,270.600183438568,35873.7940538228,,,6.79999995231628,0,4905.82050302396,4906.71123124653
2011-06-01T05:01:17Z,1306904477,1D006,55.8213654,25.8329901,259.97,6.6,-1.1,31.7,-42370.49,-37214.75,32.2,Weapon+Missile,Blue,Enemies,R-27ET,,cn,,824.679138150347,804.057434082031,2.42970374040069,259.970001220703,259.970001220703,824.524582486559,-15.9653930664062,0.0555646903965494,NaN,1.3384438697557,1.0886336495656,5000,1.90998351573944,1.90998351573944,1.90998351573944,34004.7840450199,254.943481247101,34259.727526267,,,7.79999995231628,0,5733.22171307161,5734.30121329861
2011-06-01T05:01:18Z,1306904478,1D006,55.8255194,25.8392076,244.73,5.4,-1,30.6,-41947.97,-36529.86,31.1,Weapon+Missile,Blue,Enemies,R-27ET,,cn,,804.880185422231,785.480712890625,2.37096209533565,244.733840942383,244.733840942383,804.735964341906,-15.2361602783203,0.0386168658015161,NaN,0.999994336003227,1.1470685859577,5000,1.97732162475586,1.97732162475586,1.97732162475586,32391.6056442662,240.001912127762,32631.607556394,,,8.79999995231628,0,6540.85394808388,6542.1091006906
2011-06-01T05:01:19Z,1306904479,1D006,55.8294692,25.8453998,230.51,4.5,-1,29.4,-41546,-35847.58,29.9,Weapon+Missile,Blue,Enemies,R-27ET,,cn,,792.016249220045,773.546447753906,2.33269280073582,230.51383972168,230.51383972168,791.888584709915,-14.2200012207031,0.0261036362910126,NaN,0.969231163981489,1.12792655392192,5000,1.8688223361969,1.8688223361969,1.8688223361969,31364.4869514294,226.056854630661,31590.5438060601,,,9.79999995231628,0,7335.67049784408,7337.08245168583
2011-06-01T05:01:20Z,1306904480,1D006,55.8330998,25.8513521,217.9,3.7,-0.9,28.4,-41176.27,-35191.55,28.9,Weapon+Missile,Blue,Enemies,R-27ET,,cn,,753.14246423055,736.439147949219,2.21788280754549,217.900756835938,217.900756835938,753.036839449029,-12.6130828857422,0.0776410811949535,NaN,0.784597490337705,0.953452253059996,5000,1.74552571773529,1.74552571773529,1.74552571773529,28361.1785713633,213.687645702515,28574.8662170658,,,10.7999999523163,0,8091.5441791345,8093.08792852835
2011-06-01T05:01:21Z,1306904481,1D006,55.836288,25.856757,210.39,2.7,-0.2,27.7,-40851.45,-34595.76,28.2,Weapon+Missile,Blue,Enemies,R-27ET,,cn,,678.624591547566,664.842468261719,1.99826993529955,210.392303466797,210.392303466797,678.583052677492,-7.50845336914062,0.0657641587093278,NaN,0.969231163981489,0.98748303026935,5000,2.24258470535278,2.24258470535278,2.24258470535278,23026.566812655,206.324368279266,23232.8911809343,,,11.7999999523163,0,8772.73555040785,8774.34354929969
2011-06-01T05:01:22Z,1306904482,1D006,55.8390941,25.8616525,213.95,1.8,1.3,27.2,-40565.46,-34056.04,27.7,Weapon+Missile,Blue,Enemies,R-27ET,,cn,,610.821352425833,599.549682617188,1.79868964715744,213.946151733398,213.946151733398,610.811013932969,3.55384826660156,0.19498496615341,NaN,1.16921910287946,1.12618997832544,5000,2.17693614959717,2.17693614959717,2.17693614959717,18655.1362289662,209.809502889633,18864.9457318558,,,12.7999999523163,0,9385.92192075665,9387.56061544294
2011-06-01T05:01:23Z,1306904483,1D006,55.8416639,25.866112,227.81,1.4,1.5,28,-40303.6,-33564.41,28.5,Weapon+Missile,Blue,Enemies,R-27ET,,cn,,557.197613188254,547.769775390625,1.64104091427957,227.809219360352,227.809219360352,557.025130042314,13.8630676269531,0.266612488924687,NaN,0.230751110919711,1.66970655039744,5000,2.7000298500061,2.7000298500061,2.7000298500061,15523.4590071343,223.404528104019,15746.8635352384,,,13.7999999523163,0,9945.11591590946,9946.94578414802
2011-06-01T05:01:24Z,1306904484,1D006,55.8441958,25.8700643,243.55,1.2,1.8,32,-40046.04,-33128.91,32.5,Weapon+Missile,Blue,Enemies,R-27ET,,cn,,506.203997775433,498.557403564453,1.49112184091258,243.551528930664,243.551528930664,505.959155518726,15.7423095703125,0.266539747265877,NaN,0.0307793937210162,2.34224987820262,5000,2.14556980133057,2.14556980133057,2.14556980133057,12812.1243681915,238.84246011879,13050.9668283103,,,14.7999999523163,0,10452.9454180202,10455.0379831339
2011-06-01T05:01:25Z,1306904485,1D006,55.8466452,25.8735888,258.89,0.7,2.4,32.1,-39797.18,-32740.7,32.6,Weapon+Missile,Blue,Enemies,R-27ET,,cn,,461.381873678345,455.249725341797,1.35932565695711,258.886901855469,258.886901855469,461.12694531571,15.3353729248047,0.286027538259118,NaN,0.707662239526681,0.822007663721481,5000,2.41427731513977,2.41427731513977,2.41427731513977,10643.661667947,253.881323608093,10897.5429915551,,,15.7999999523163,0,10915.6892491144,10918.0540686752
2011-06-01T05:01:26Z,1306904486,1D006,55.8487743,25.8768735,282.52,0,3,27.8,-39580.66,-32378.77,28.3,Weapon+Missile,Blue,Enemies,R-27ET,,cn,,422.41050812168,417.291351318359,1.24484129518005,282.519989013672,282.519989013672,421.748876184618,23.6330871582031,0.128930824403188,NaN,0.12310732960031,3.4715990324626,4816.79897039244,3.54110789299011,3.54110789299011,3.54110789299011,8921.53186858078,277.057465026093,9198.58933360687,,,16.7999999523163,0,11338.9736299104,11342.0156222837
2011-06-01T05:01:27Z,1306904487,1D006,55.8504273,25.8800123,296.79,0.3,1.3,23.4,-39411.98,-32032.59,23.9,Weapon+Missile,Blue,Enemies,R-27ET,,cn,,385.351089899534,381.038909912109,1.13581107728519,296.787689208984,296.787689208984,385.086867106495,14.2677001953125,0.119044599376859,NaN,0.200000025131153,4.39248227551733,5000,2.27815103530884,2.27815103530884,2.27815103530884,7424.77312433794,291.049299238129,7715.82242357607,,,17.7999999523163,0,11725.6199580868,11728.9426553288
2011-06-01T05:01:28Z,1306904488,1D006,55.8517502,25.882968,301.82,0.5,0.1,20.3,-39276.58,-31706.39,20.9,Weapon+Missile,Blue,Enemies,R-27ET,,cn,,353.227927087719,349.337127685547,1.04118844011449,301.823852539062,301.823852539062,353.192023598495,5.03616333007812,0.27756344290915,NaN,0.20000005181158,4.42041219969398,3794.84090922457,2.93358683586121,2.93358683586121,2.93358683586121,6238.49842373435,295.98808835022,6534.48651208457,,,18.7999999523163,0,12080.327245877,12083.7023368615
2011-06-01T05:01:29Z,1306904489,1D006,55.8526971,25.885752,295.13,1.2,-2.4,13.5,-39179.02,-31398.88,14.1,Weapon+Missile,Blue,Enemies,R-27ET,,cn,,322.682476444585,319.113220214844,0.951079297251266,295.130004882812,295.130004882812,322.61303911647,-6.69384765625,0.18657422017337,NaN,0.769230952087351,6.14313190366471,2682.51039828783,3.68206334114075,3.68206334114075,3.68206334114075,5206.19903022051,289.423666238403,5495.62269645891,,,19.7999999523163,0,12404.4241803847,12407.8835543353
2011-06-01T05:01:30Z,1306904490,1D006,55.853227,25.8883626,280.52,1.6,-2.9,7.1,-39123.4,-31110.2,7.6,Weapon+Missile,Blue,Enemies,R-27ET,,cn,,294.350857842439,291.139953613281,0.867430594354848,280.519989013672,280.519989013672,293.988052391391,-14.6100158691406,0.175416526463155,NaN,0.369230848464192,6.35701586242907,3574.58597927918,2.66297841072083,2.66297841072083,2.66297841072083,4332.12137562898,275.096135026092,4607.21751065507,,,20.7999999523163,0,12699.8421798219,12703.6759202415
2011-06-01T05:01:31Z,1306904491,1D006,55.8534964,25.8908074,268.28,1.2,-2.2,7.3,-39094.05,-30839.65,7.8,Weapon+Missile,Blue,Enemies,R-27ET,,cn,,272.40701458684,269.486999511719,0.802652382707002,268.283081054688,268.283081054688,272.132026192652,-12.2369079589844,0.179234984565175,NaN,0.738480053061779,0.512251060981145,3687.36250265146,2.32444262504578,2.32444262504578,2.32444262504578,3710.27907980573,263.095827682495,3973.37490748823,,,21.7999999523163,0,12973.3299462734,12977.4490675621
2011-06-01T05:01:32Z,1306904492,1D006,55.8539296,25.8930567,259.56,0.6,-1.6,12.7,-39048.47,-30590.92,13.2,Weapon+Missile,Blue,Enemies,R-27ET,,cn,,253.025094702887,250.340591430664,0.745469490712286,259.55615234375,259.55615234375,252.874552426058,-8.7269287109375,0.201873910084299,NaN,0.492320035374519,5.03583743023469,3736.95008091633,2.14842510223389,2.14842510223389,2.14842510223389,3201.08492747024,254.537634138184,3455.62256160842,,,22.7999999523163,0,13227.4495405956,13231.7289759918
2011-06-01T05:01:33Z,1306904493,1D006,55.8544912,25.8951419,254.53,0.4,-1,12.7,-38990.2,-30360.46,13.2,Weapon+Missile,Blue,Enemies,R-27ET,,cn,,237.764471632969,235.247985839844,0.700468345698765,254.529998779297,254.529998779297,237.711341233966,-5.02615356445312,0.0755329650664217,NaN,0,0.407346772488301,4111.92807604097,1.68103849887848,1.68103849887848,1.68103849887848,2826.59719854523,249.608661252899,3076.20585979813,,,23.7999999523163,0,13466.2935508588,13470.6354881887
2011-06-01T05:01:34Z,1306904494,1D006,55.8548901,25.8971126,249.96,0.5,-1.4,8,-38948.33,-30142.53,8.5,Weapon+Missile,Blue,Enemies,R-27ET,,cn,,221.962564221819,219.616195678711,0.653881172769139,249.964614868164,249.964614868164,221.91560825158,-4.56538391113281,0.0984599029484537,NaN,0.20000005181158,4.33430827369586,2764.95373096411,1.97966408729553,1.97966408729553,1.97966408729553,2463.36899579625,245.131549039688,2708.50054483594,,,24.7999999523163,0,13689.2755007665,13693.6729863695
2011-06-01T05:01:35Z,1306904495,1D006,55.8551007,25.8989932,244.69,0.6,-1.4,3.5,-38925.42,-29934.44,4,Weapon+Missile,Blue,Enemies,R-27ET,,cn,,209.419460430263,207.224624633789,0.616893507275831,244.690765380859,244.690765380859,209.35304372874,-5.27384948730469,0.0530056912906046,NaN,0,4.54590326531463,2730.99819352271,1.900261759758,1.900261759758,1.900261759758,2192.82552034511,239.95966943222,2432.78518977734,,,25.7999999523163,0,13899.6833733522,13904.15509931
2011-06-01T05:01:36Z,1306904496,1D006,55.8551488,25.9007895,239.96,0.6,-1.3,359.1,-38918.86,-29735.52,359.6,Weapon+Missile,Blue,Enemies,R-27ET,,cn,,199.078485165213,197.011779785156,0.586400328408323,239.955383300781,239.955383300781,199.022158093594,-4.73538208007812,0.135306891121382,NaN,0.0307691484372612,4.29761692436138,2891.44052433195,1.71431541442871,1.71431541442871,1.71431541442871,1981.61216278379,235.315845964661,2216.92800874845,,,26.7999999523163,0,14099.7079761779,14104.2433443576
2011-06-01T05:01:37Z,1306904497,1D006,55.8550648,25.9024895,235.82,0.6,-1.2,356.6,-38925.62,-29547.17,357.1,Weapon+Missile,Blue,Enemies,R-27ET,,cn,,188.518257464138,186.575744628906,0.555268402855711,235.81999206543,235.81999206543,188.472894434838,-4.13539123535156,0.0539865627449278,NaN,0.199987938897973,2.32405190637617,5000,1.04546177387238,1.04546177387238,1.04546177387238,1776.95666986575,231.260412518845,2008.21708238459,,,27.7999999523163,0,14289.1343358717,14293.7219022233
2011-06-01T05:01:38Z,1306904498,1D006,55.8549578,25.9041137,231.91,0.5,-1.2,356.7,-38934.78,-29367.18,357.2,Weapon+Missile,Blue,Enemies,R-27ET,,cn,,180.263634653502,178.423675537109,0.530931440995691,231.90998840332,231.90998840332,180.221224748512,-3.91000366210938,0.0525449742127744,NaN,0.0615263440434749,0.151305992372332,5000,1.00204849243164,1.00204849243164,1.00204849243164,1624.74889892456,227.426008777542,1852.1749077021,,,28.7999999523163,0,14470.2603375389,14474.8967417343
2011-06-01T05:01:39Z,1306904499,1D006,55.8548627,25.9056641,228.17,0.4,-1.2,357,-38942.79,-29195.39,357.5,Weapon+Missile,Blue,Enemies,R-27ET,,cn,,172.022363113578,170.282363891602,0.506636913567558,228.166915893555,228.166915893555,171.981635122377,-3.74307250976562,0.0590677981052397,NaN,0,0.400198605995913,5000,1.01414620876312,1.01414620876312,1.01414620876312,1479.58467055899,223.755308574753,1703.33997913374,,,29.7999999523163,0,14643.1044600369,14647.7876214984
2011-06-01T05:01:40Z,1306904500,1D006,55.8547869,25.9071539,224.59,0.3,-1.2,357.7,-38948.96,-29030.32,358.3,Weapon+Missile,Blue,Enemies,R-27ET,,cn,,165.224330403805,163.570129394531,0.486595753998424,224.585372924805,224.585372924805,165.185507558468,-3.58154296875,0.161714874220894,NaN,0,0.745411147604608,5000,0.749335408210754,0.749335408210754,0.749335408210754,1364.95396786928,220.243014739304,1585.19698260859,,,30.7999999523163,0,14809.1265058686,14813.8541857738
2011-06-01T05:01:41Z,1306904501,1D006,55.8547302,25.9085706,218.54,0.2,-3.9,358,-38953.26,-28873.36,358.5,Weapon+Missile,Blue,Enemies,R-27ET,,cn,,157.138201976529,155.597290039062,0.46274992592062,218.535385131836,218.535385131836,157.02169330421,-6.04998779296875,0.0915102199174475,NaN,0,2.31186172625499,2578.8788715232,0.0389783009886742,0.0389783009886742,0.0389783009886742,1234.62072602082,214.310003460312,1448.93072948113,,,31.7999999523163,0,14966.9321738898,14971.7812618274
2011-06-01T05:01:42Z,1306904502,1D006,55.8546765,25.9099339,203.46,0.1,-7.6,358,-38957.31,-28722.32,358.5,Weapon+Missile,Blue,Enemies,R-27ET,,cn,,151.843613377141,150.451599121094,0.447081843827588,203.46076965332,203.46076965332,151.093477329769,-15.0746154785156,0.0895052097529379,NaN,0,3.69618376322226,2334.56537125258,0.000840464199427515,0.000840464199427515,0.000840464199427515,1152.82414617133,199.526855672073,1352.35100184341,,,32.7999999523163,0,15118.7866663647,15124.3871484919
2011-06-01T05:01:43Z,1306904503,1D006,55.854625,25.9112407,179.42,0,-11.4,357.9,-38961.21,-28577.53,358.5,Weapon+Missile,Blue,Enemies,R-27ET,,cn,,146.821195846082,145.629943847656,0.432176530758725,179.419998168945,179.419998168945,144.83958318122,-24.040771484375,0.0957008793131211,NaN,0,3.72696529137739,2209.62248345102,0.000224238625378348,0.000224238625378348,0.000224238625378348,1077.82317748368,175.950912504349,1253.77408998803,,,33.7999999523163,0,15264.3547594452,15271.9313807728
2011-06-01T05:01:44Z,1306904504,1D006,55.8545757,25.9124917,146.82,-0.1,-15.1,357.9,-38964.95,-28438.94,358.5,Weapon+Missile,Blue,Enemies,R-27ET,,cn,,142.424935330491,141.476150512695,0.419081452881398,146.821533203125,146.821533203125,138.644157055992,-32.5984649658203,0.0418357806012744,NaN,0.0307631720217374,3.82312069451283,2129.05844196057,0.00214437209069729,0.00214437209069729,0.00214437209069729,1014.24311019472,143.982738858643,1158.22584905336,,,34.7999999523163,0,15403.7004175387,15415.0427554084
2011-06-01T05:01:45Z,1306904505,1D006,55.854528,25.9136999,105.72,-0.1,-19,357.9,-38968.55,-28305.09,358.5,Weapon+Missile,Blue,Enemies,R-27ET,,cn,,140.062144646932,139.38948059082,0.411937764175822,105.721534729004,105.721534729004,133.896207894493,-41.0999984741211,0.0472639689999718,NaN,0.0769352508110236,3.85030826250406,2093.52176275037,0.00350137613713741,0.00350137613713741,0.00350137613713741,980.870218154907,103.677408855019,1084.54762700993,,,35.7999999523163,0,15538.2822836698,15555.7630657073
2011-06-01T05:01:46Z,1306904506,1D006,55.8544819,25.9148629,56.5,-0.2,-22.8,357.9,-38972.05,-28176.22,358.4,Weapon+Missile,Blue,Enemies,R-27ET,,cn,,137.991516716439,137.637420654297,0.405622527542821,56.5007667541504,56.5007667541504,128.914602298068,-49.2207679748535,0.0677997149999915,NaN,0,3.81956430038937,2094.33324929412,0.00417183479294181,0.00417183479294181,0.00417183479294181,952.082934285166,55.4083244289589,1007.49125871412,,,36.7999999523163,0,15667.8333860914,15694.3509404097
