ISOTime,UnixTime,Id,Longitude,Latitude,Altitude,Roll,Pitch,Yaw,U,V,Heading,Type,Color,Coalition,Name,Group,Country,Pilot,TAS,CAS,M,ASL,AGL,GS,VS,AOA,AOS,RRT,TRT,TRD,G,LatG,LonG,Ek,Ep,Em,FFW,FFV,RelativeTime,Elev,GroundDistance,AirDistance
2011-06-01T04:58:26Z,1306904306,760B,55.5660782,25.8296421,5992.27,86,-6,50.2,-67963.27,-37331.33,50.9,Weapon+Missile,Blue,Enemies,R-27ET,,cn,,435.156970716606,343.640655517578,1.3744222715061,5992.27392578125,5992.27392578125,NaN,NaN,1.65669292574784,NaN,18.923066416277,0.484163161497094,NaN,NaN,NaN,NaN,NaN,5876.41330942627,NaN,,,0.950000047683716,0,NaN,NaN
2011-06-01T04:58:27Z,1306904307,760B,55.5711294,25.8337122,5922.78,72.4,-6.1,48.8,-67452.03,-36886.03,49.4,Weapon+Missile,Blue,Enemies,R-27ET,,cn,,681.527203160383,520.26708984375,2.15062605497411,5922.77978515625,5922.77978515625,677.974846927529,-69.494140625,0.602743161659143,NaN,12.3076730352828,1.05993991814067,5000,2.08421969413757,2.08421969413757,2.08421969413757,23223.9664323807,5808.26283801025,29032.2292703909,,,1.95000004768372,0,679.285074385395,683.461812042257
2011-06-01T04:58:28Z,1306904308,760B,55.577978,25.8392803,5797.7,64.2,-10.2,47.5,-66758.87,-36276.74,48.1,Weapon+Missile,Blue,Enemies,R-27ET,,cn,,931.321300762228,699.226745605469,2.93411088698531,5797.69970703125,5797.69970703125,922.883708443102,-125.080078125,0.155256631583882,NaN,5.89232223469996,3.51444651667338,5000,6.45327138900757,6.45327138900757,6.45327138900757,43367.9682626724,5685.6011831958,49053.5694458682,,,2.95000004768372,0,1603.96525690331,1617.40527878437
2011-06-01T04:58:29Z,1306904309,760B,55.5855195,25.8456146,5580.91,61,-12.4,47,-65995.41,-35583.29,47.7,Weapon+Missile,Blue,Enemies,R-27ET,,cn,,1053.90968857223,795.041442871094,3.31103931475489,5580.908203125,5580.908203125,1031.37145369672,-216.79150390625,0.0553070033971335,NaN,4.43077103534395,2.49375478649431,5000,0.202003926038742,0.202003926038742,0.202003926038742,55536.2815833211,5473.00134301758,61009.2829263387,,,3.95000004768372,0,2637.44824931624,2674.28368740567
2011-06-01T04:58:30Z,1306904310,760B,55.5930275,25.8519435,5354.48,56.5,-12.4,47,-65235.4,-34890.37,47.6,Weapon+Missile,Blue,Enemies,R-27ET,,cn,,1053.10661936536,803.527038574219,3.29890963218223,5354.4814453125,5354.4814453125,1028.47677421401,-226.4267578125,0.0484505518775575,NaN,4.59999580222019,0.154505215626969,5000,0.955895245075226,0.955895245075226,0.955895245075226,55451.6775875568,5250.95254656738,60702.6301341242,,,4.95000004768372,0,3668.03660513105,3730.31551453703
2011-06-01T04:58:31Z,1306904311,760B,55.6004477,25.8581978,5130.51,52.4,-12.4,47,-64484.36,-34205.57,47.6,Weapon+Missile,Blue,Enemies,R-27ET,,cn,,1040.7575079341,803.397277832031,3.25091510319825,5130.50732421875,5130.50732421875,1016.37187259462,-223.97412109375,0.0495748225203399,NaN,3.90768782794769,0.0139882274201861,5000,0.975122928619385,0.975122928619385,0.975122928619385,54158.8095160604,5031.30896510498,59190.1184811653,,,5.95000004768372,0,4686.50029035882,4773.93352216414
2011-06-01T04:58:32Z,1306904312,760B,55.607846,25.8644327,4907.2,48.5,-12.4,47,-63735.61,-33522.86,47.6,Weapon+Missile,Blue,Enemies,R-27ET,,cn,,1037.58457241429,809.963195800781,3.23182851491499,4907.19970703125,4907.19970703125,1013.26968424906,-223.3076171875,0.0499205830076834,NaN,3.72310879581727,0.0139882274201861,5000,0.977098345756531,0.977098345756531,0.977098345756531,53829.0872456074,4812.3190006958,58641.4062463032,,,6.95000004768372,0,5701.85533014983,5814.33501015439
2011-06-01T04:58:33Z,1306904313,760B,55.6151997,25.870629,4685.26,44.8,-12.4,47,-62991.45,-32844.34,47.6,Weapon+Missile,Blue,Enemies,R-27ET,,cn,,1031.22760908799,814.052734375,3.20304093972029,4685.26123046875,4685.26123046875,1007.0619118835,-221.9384765625,0.0495806603606377,NaN,3.61535573147115,0.0139882274201861,5000,0.977130651473999,0.977130651473999,0.977130651473999,53171.5190872669,4594.67170457764,57766.1907918446,,,7.95000004768372,0,6710.99450527666,6848.33245353189
2011-06-01T04:58:34Z,1306904314,760B,55.622506,25.8767844,4464.78,41.6,-12.4,47,-62252.18,-32170.26,47.6,Weapon+Missile,Blue,Enemies,R-27ET,,cn,,1024.45598073582,817.702819824219,3.17321227789574,4464.78125,4464.78125,1000.44921644124,-220.47998046875,0.0494641296539164,NaN,3.27690619771868,0.0139882274201861,5000,1.0089830160141,1.0089830160141,1.0089830160141,52475.5028232694,4378.45470453125,56853.9575278006,,,8.95000004768372,0,7713.51599759028,7875.51457942762
2011-06-01T04:58:35Z,1306904315,760B,55.6297106,25.8828524,4247.72,37.9,-12.2,47.1,-61523.25,-31505.71,47.7,Weapon+Missile,Blue,Enemies,R-27ET,,cn,,1009.98851348192,815.142333984375,3.11993262537549,4247.71728515625,4247.71728515625,986.387364341078,-217.06396484375,0.143509075127165,NaN,4.32307261251119,0.606687711044974,5000,3.02595973014832,3.02595973014832,3.02595973014832,51003.8398682714,4165.58767144775,55169.4275397191,,,9.95000004768372,0,8701.92525635669,8888.13721155846
2011-06-01T04:58:36Z,1306904316,760B,55.6366213,25.8886271,4060.42,30.6,-10.4,47.4,-60824.19,-30873.31,48,Weapon+Missile,Blue,Enemies,R-27ET,,cn,,961.091574032199,784.0849609375,2.9619860844945,4060.41845703125,4060.41845703125,942.664395561162,-187.298828125,0.028098619323237,NaN,6.72309180382695,1.48720176134058,5000,3.79747986793518,3.79747986793518,3.79747986793518,46184.8506837845,3981.91026616455,50166.760949949,,,10.9500000476837,0,9646.51801720907,9851.72372121299
2011-06-01T04:58:37Z,1306904317,760B,55.6430263,25.8939259,3914.23,24.7,-8.8,47.7,-60176.41,-30293.06,48.3,Weapon+Missile,Blue,Enemies,R-27ET,,cn,,881.862393293598,726.857238769531,2.71289887288204,3914.23315429688,3914.23315429688,869.661507697087,-146.185302734375,0.0390100509074375,NaN,5.58458123145587,1.55105431840497,5000,3.09213852882385,3.09213852882385,3.09213852882385,38884.0640352756,3838.55145625854,42722.6154915341,,,11.9500000476837,0,10517.9376804396,10735.8572631304
2011-06-01T04:58:38Z,1306904318,760B,55.6489882,25.8988242,3798.5,19.9,-7.5,47.8,-59573.52,-29756.68,48.4,Weapon+Missile,Blue,Enemies,R-27ET,,cn,,815.209970794081,677.867492675781,2.50427753916787,3798.50463867188,3798.50463867188,806.953658615735,-115.728515625,0.041074911479231,NaN,4.49229737938743,1.22452261098053,5000,2.5640435218811,2.5640435218811,2.5640435218811,33228.3648241043,3725.06055148315,36953.4253755875,,,12.9500000476837,0,11326.5055268475,11553.1490554916
2011-06-01T04:58:39Z,1306904319,760B,55.6545384,25.9033624,3705.86,16.1,-6.6,47.9,-59012.35,-29259.74,48.5,Weapon+Missile,Blue,Enemies,R-27ET,,cn,,755.280087006869,633.043884277344,2.31753397578338,3705.86083984375,3705.86083984375,749.576638088326,-92.643798828125,0.0347316233593303,NaN,3.67693671702798,1.04149947459869,5000,2.16851186752319,2.16851186752319,2.16851186752319,28522.4004914552,3634.20802050537,32156.6085119606,,,13.9500000476837,0,12077.5760932079,12310.3503360587
2011-06-01T04:58:40Z,1306904320,760B,55.6596976,25.9075667,3630.99,13,-5.7,48,-58490.76,-28799.37,48.6,Weapon+Missile,Blue,Enemies,R-27ET,,cn,,699.716138833444,590.862609863281,2.14506684703879,3630.98999023438,3630.98999023438,695.698951287663,-74.870849609375,0.054459347074037,NaN,2.87693031992273,0.820876040114227,5000,1.88610124588013,1.88610124588013,1.88610124588013,24480.1337471992,3560.78479877319,28040.9185459724,,,14.9500000476837,0,12774.6608424447,13011.8429736181
2011-06-01T04:58:41Z,1306904321,760B,55.6645212,25.9114881,3569.47,10.5,-5.1,48.1,-58003.13,-28369.95,48.7,Weapon+Missile,Blue,Enemies,R-27ET,,cn,,652.659702580347,554.867065429688,1.99930166783172,3569.470703125,3569.470703125,649.753849304351,-61.519287109375,0.0497728562727825,NaN,2.33849284727229,0.621426512221921,5000,1.69724798202515,1.69724798202515,1.69724798202515,21298.2343686134,3500.45498708008,24798.6893556934,,,15.9500000476837,0,13425.6922807254,13666.1404431181
