ISOTime,UnixTime,Id,Longitude,Latitude,Altitude,Roll,Pitch,Yaw,U,V,Heading,Type,Color,Coalition,Name,Group,Country,Pilot,TAS,CAS,M,ASL,AGL,GS,VS,AOA,AOS,RRT,TRT,TRD,G,LatG,LonG,Ek,Ep,Em,FFW,FFV,RelativeTime,Elev,GroundDistance,AirDistance
2018-07-19T08:57:00Z,1531990620,14804,40.6707127,43.3769459,3290.36,-17.3,-5.4,217.7,521978.34,-166778.5,212.3,Weapon+Missile,Blue,Enemies,R-27ER,,cn,,342.782629592887,301.733032226562,1.04648027991119,3290.3583984375,1906.43432617188,NaN,NaN,NaN,NaN,NaN,NaN,NaN,NaN,NaN,NaN,NaN,3226.73931880371,NaN,,,0.450000047683716,1383.92407226562,NaN,NaN
2018-07-19T08:57:01Z,1531990621,14804,40.667771,43.3742394,3235.84,-13.9,-4.7,217.8,521767.72,-167101.28,212.4,Weapon+Missile,Blue,Enemies,R-27ER,,cn,,389.259868027638,344.678741455078,1.1875833035001,3235.83666992188,1927.71228027344,385.422658877968,-54.521728515625,2.231354382207,NaN,3.07690972108424,7.64201435039333,4741.16945482536,4.67796945571899,4.67796945571899,4.67796945571899,7576.1622428447,3173.27176790894,10749.4340107536,,,1.45000004768372,1308.12438964844,383.96937188217,388.015451875523
2018-07-19T08:57:02Z,1531990622,14804,40.6633931,43.3698043,3191.53,-10.1,-1.3,212.8,521458.44,-167626.88,207.5,Weapon+Missile,Blue,Enemies,R-27ER,,cn,,611.446395968059,530.39013671875,1.86444362090407,3191.53076171875,2109.859375,609.839062081649,-44.305908203125,0.225364134047667,NaN,3.64614451670227,4.97351195405833,4921.10182110489,9.65014934539795,9.65014934539795,9.65014934539795,18693.3347571164,3129.82251444092,21823.1572715574,,,2.45000004768372,1081.67138671875,991.633220751323,997.597739971336
2018-07-19T08:57:03Z,1531990623,14804,40.6581646,43.363162,3189.49,-7.9,-0.2,209,521102.75,-168404.03,203.6,Weapon+Missile,Blue,Enemies,R-27ER,,cn,,854.68684808626,729.599487304688,2.60607627222952,3189.48779296875,1983.00158691406,854.684406415791,-2.04296875,0.237309666638085,NaN,1.29231447964873,3.19924972161998,5000,0.566491484642029,0.566491484642029,0.566491484642029,36524.4804145813,3127.8190464917,39652.299461073,,,3.45000004768372,1206.48620605469,1843.55871354612,1849.95183630921
2018-07-19T08:57:04Z,1531990624,14804,40.6518405,43.3550383,3171.65,-7.8,-1.5,209.9,520673.34,-169353.97,204.6,Weapon+Missile,Blue,Enemies,R-27ER,,cn,,1042.63565583613,885.66455078125,3.17847437670162,3171.65161132812,1616.38122558594,1042.48308448881,-17.836181640625,0.0570630186972142,NaN,0.24613952711975,0.975569259366144,5000,0.680960774421692,0.680960774421692,0.680960774421692,54354.4555410415,3110.3277274231,57464.7832684646,,,4.45000004768372,1555.27038574219,2882.68598939221,2889.75027888421
2018-07-19T08:57:05Z,1531990625,14804,40.6453379,43.3467923,3140.46,-7.3,-2,210,520230.59,-170318.78,204.7,Weapon+Missile,Blue,Enemies,R-27ER,,cn,,1062.00931917723,903.108642578125,3.23631093229666,3140.45751953125,946.941162109375,1061.55109281478,-31.194091796875,0.0548188816466698,NaN,0.384647225751146,0.645142423124087,5000,0.301351636648178,0.301351636648178,0.301351636648178,56393.1897009641,3079.73677339111,59472.9264743552,,,5.45000004768372,2193.51635742188,3940.83256948105,3948.87992795203
2018-07-19T08:57:06Z,1531990626,14804,40.6388414,43.3385956,3098.09,-7.1,-2.7,210.1,519787.62,-171278.03,204.8,Weapon+Missile,Blue,Enemies,R-27ER,,cn,,1057.43883791341,901.140380859375,3.22072995798636,3098.08984375,569.370849609375,1056.58973872386,-42.36767578125,0.0812747356271622,NaN,0.199987938897973,0.967511663857939,5000,1.47978925704956,1.47978925704956,1.47978925704956,55908.8447963834,3038.18827662109,58947.0330730045,,,6.45000004768372,2528.71899414062,4994.01075815623,5003.42461236213
2018-07-19T08:57:07Z,1531990627,14804,40.6322986,43.3304422,3032.72,-7.3,-4.6,210.9,519340.31,-172232.78,205.6,Weapon+Missile,Blue,Enemies,R-27ER,,cn,,1056.36610662005,903.077880859375,3.21491954048859,3032.71923828125,568.739013671875,1054.34151732551,-65.37060546875,0.0849055265241882,NaN,0.399975877795947,1.86375798768961,5000,3.65076017379761,3.65076017379761,3.65076017379761,55795.4675607801,2974.08161180908,58769.5491725891,,,7.45000004768372,2463.98022460938,6044.93895213727,6056.88807274119
2018-07-19T08:57:08Z,1531990628,14804,40.6255857,43.3224881,2931.35,-7.5,-6.4,212.5,518877.03,-173166.61,207.2,Weapon+Missile,Blue,Enemies,R-27ER,,cn,,1047.34914704235,899.892395019531,3.18357942908657,2931.34985351562,646.319580078125,1042.43200432574,-101.369384765625,0.0594485054332049,NaN,0.200042580411333,2.2502924800858,5000,3.05963206291199,3.05963206291199,3.05963206291199,54847.011790517,2874.6722040979,57721.6839946149,,,8.45000004768372,2285.0302734375,7083.94618475514,7101.31206240616
2018-07-19T08:57:09Z,1531990629,14804,40.6186918,43.3146733,2799.15,-8.2,-9.5,211.7,518397.47,-174086.27,206.4,Weapon+Missile,Blue,Enemies,R-27ER,,cn,,1045.57420170824,904.094421386719,3.17313041275167,2799.14697265625,910.837036132812,1037.18263076968,-132.202880859375,0.536278040762269,NaN,1.49231437137775,5.04791107025316,5000,15.4444541931152,15.4444541931152,15.4444541931152,54661.2705638915,2745.02546593994,57406.2960298315,,,9.45000004768372,1888.30993652344,8117.65065578867,8143.89673275853
2018-07-19T08:57:10Z,1531990630,14804,40.6132072,43.3070652,2543.76,-11,-20.5,203.4,518030,-174972.39,198.1,Weapon+Missile,Blue,Enemies,R-27ER,,cn,,992.710705935357,869.761108398438,3.00349431649645,2543.75756835938,557.1083984375,959.297033171459,-255.389404296875,0.0797825188504608,NaN,2.32308394050474,11.6999082887831,4101.97958061396,22.6450538635254,22.6450538635254,22.6450538635254,49273.7272839338,2494.57401577515,51768.3012997089,,,10.4500000476837,1986.64916992188,9074.01975164785,9134.16535398559
2018-07-19T08:57:11Z,1531990631,14804,40.6099945,43.3001471,2147.83,-11.6,-31.2,193.6,517839.78,-175764.97,188.3,Weapon+Missile,Blue,Enemies,R-27ER,,cn,,906.157731635817,810.307922363281,2.72874901137486,2147.830078125,22.971923828125,815.084815881193,-395.927490234375,0.133639161101336,NaN,0.0153884162000387,13.6929054084004,3870.9751209701,19.597692489624,19.597692489624,19.597692489624,41056.0917301685,2106.30178356445,43162.3935137329,,,11.4500000476837,2124.85815429688,9886.92890134276,10038.6353835962
2018-07-19T08:57:12Z,1531990632,14804,40.608866,43.2944922,1685.96,-9.8,-39.5,183.6,517805.75,-176401.67,178.3,Weapon+Missile,Blue,Enemies,R-27ER,,cn,,787.31834824927,721.362609863281,2.35803064706889,1685.96301269531,-396.452270507812,637.611947316962,-461.867065429688,0.984552527405613,NaN,2.23074832066263,9.21650529430617,5000,6.74981594085693,6.74981594085693,6.74981594085693,30993.509074498,1653.36491784485,32646.8739923428,,,12.4500000476837,2082.41528320312,10523.0371951562,10824.8911958443
2018-07-19T08:57:13Z,1531990633,14804,40.6084405,43.2895219,1227.71,-9.1,-39.5,183.6,517821.78,-176957.09,178.3,Weapon+Missile,Blue,Enemies,R-27ER,,cn,,720.23991593347,674.84521484375,2.14565113166147,1227.71081542969,-830.182006835938,555.653183384274,-458.252197265625,0.0373210773750623,NaN,0.769238102441639,2.51768051227004,5000,0.773065447807312,0.773065447807312,0.773065447807312,25937.2768251926,1203.97302681335,27141.2498520059,,,13.4500000476837,2057.89282226562,11077.4006337161,11544.2341627056
2018-07-19T08:57:14Z,1531990634,14804,40.6080405,43.2848474,796.74,-8.4,-39.5,183.6,517836.88,-177479.45,178.3,Weapon+Missile,Blue,Enemies,R-27ER,,cn,,677.363263679184,647.45703125,2.00792139172109,796.742309570312,-1224.78601074219,522.577398994114,-430.968505859375,0.0413068252001639,NaN,0.630738941546705,0,5000,0.771095871925354,0.771095871925354,0.771095871925354,22941.0495491058,781.337297014771,23722.3868461205,,,14.4500000476837,2021.5283203125,11598.768820727,12220.7287484741
2018-07-19T08:57:15Z,1531990635,14804,40.6076637,43.2804433,390.69,-7.7,-39.5,183.6,517851.12,-177971.59,178.3,Weapon+Missile,Blue,Enemies,R-27ER,,cn,,638.189969005833,621.300842285156,1.88305186924139,390.686920166016,-1572.66915893555,492.346887138926,-406.055389404297,0.0400015083723794,NaN,0.769239809988931,0,5000,0.773159384727478,0.773159384727478,0.773159384727478,20364.3218269833,383.132988564606,20747.4548155479,,,15.4500000476837,1963.35607910156,12089.9874219008,12858.0839223819
2018-07-19T08:57:16Z,1531990636,14804,40.6073085,43.2762901,7.78,-7.2,-39.5,183.6,517864.53,-178435.69,178.3,Weapon+Missile,Blue,Enemies,R-27ER,,cn,,601.813317793076,595.845397949219,1.76804387057471,7.78153610229492,-1917.84614944458,464.287342416445,-382.905384063721,0.0363565314492901,NaN,0.461527835048809,0,5000,0.772980391979218,0.772980391979218,0.772980391979218,18108.9634736555,7.63108010175705,18116.5945537573,,,16.4500000476837,1925.62768554688,12553.2152512107,13459.0913771644
2018-07-19T08:57:17Z,1531990637,14804,40.6069755,43.2723964,-351.2,-6.7,-39.5,183.6,517877.12,-178870.8,178.3,Weapon+Missile,Blue,Enemies,R-27ER,,cn,,564.224963444283,567.349548339844,1.65095280177079,-351.20458984375,-2191.87316894531,435.291592788045,-358.986125946045,0.0406194005395117,NaN,0.446126612244077,0,5000,0.772355318069458,0.772355318069458,0.772355318069458,15917.4904686851,-344.414049099121,15573.076419586,,,17.4500000476837,1840.66857910156,12987.494776382,14022.5269011806
2018-07-19T08:57:18Z,1531990638,14804,40.6066608,43.2687143,-690.68,-6.2,-39.5,183.6,517889,-179282.27,178.3,Weapon+Missile,Blue,Enemies,R-27ER,,cn,,533.567471301481,544.126098632812,1.55535922763287,-690.684631347656,-2412.58013916016,411.640070755463,-339.480041503906,0.0383941320087164,NaN,0.384592584237785,0.0296735133902291,5000,0.771473109722137,0.771473109722137,0.771473109722137,14234.7123215528,-677.330244000549,13557.3820775523,,,18.4500000476837,1721.8955078125,13398.1852993593,14555.3362976802
