ISOTime,UnixTime,Id,Longitude,Latitude,Altitude,Roll,Pitch,Yaw,U,V,Heading,Type,Color,Coalition,Name,Group,Country,Pilot,TAS,CAS,M,ASL,AGL,GS,VS,AOA,AOS,RRT,TRT,TRD,G,LatG,LonG,Ek,Ep,Em,FFW,FFV,RelativeTime,Elev,GroundDistance,AirDistance
2018-07-19T08:59:34Z,1531990774,1EE0B,40.6505055,43.4111742,5692.48,-47.8,0.3,266,519989.62,-163126.75,260.6,Weapon+Missile,Blue,Enemies,R-27ER,,cn,,238.100400846929,183.700958251953,0.749110793975529,5692.47998046875,4303.83312988281,NaN,NaN,6.1836314602651,NaN,8.86152841030956,5.21477010192507,NaN,NaN,NaN,NaN,NaN,5582.41588004639,NaN,,,0.769999980926514,1388.64685058594,NaN,NaN
2018-07-19T08:59:35Z,1531990775,1EE0B,40.6461782,43.4111099,5680.38,-39.6,2.3,265.7,519639.78,-163166.22,260.4,Weapon+Missile,Blue,Enemies,R-27ER,,cn,,352.270930615282,280.474365234375,1.10814062216881,5680.38134765625,4223.78674316406,352.063107468853,-12.0986328125,2.6985036035294,NaN,7.56922929858647,1.09869985429831,4521.55080081439,3.1523175239563,3.1523175239563,3.1523175239563,6204.74042782784,5570.55117429932,11775.2916021272,,,1.76999998092651,1456.59460449219,350.006025590294,350.526931363363
2018-07-19T08:59:36Z,1531990776,1EE0B,40.638857,43.4106926,5691.17,-35.5,0.5,264.7,519051.03,-163267.28,259.4,Weapon+Missile,Blue,Enemies,R-27ER,,cn,,597.458420033933,466.342468261719,1.87969012547619,5691.1689453125,4310.16931152344,597.361022670755,10.78759765625,0.151076352585596,NaN,3.47692145737333,1.61968160458603,5000,2.99733209609985,2.99733209609985,2.99733209609985,17847.8281834722,5581.13019375488,23428.958377227,,,2.76999998092651,1380.99963378906,943.87384262594,945.022033389658
2018-07-19T08:59:37Z,1531990777,1EE0B,40.6283571,43.4099153,5669.63,-33.9,-3.8,263.8,518208.47,-163431.98,258.5,Weapon+Missile,Blue,Enemies,R-27ER,,cn,,858.779725543398,651.907592773438,2.70109317795301,5669.6298828125,4273.55993652344,858.509572335111,-21.5390625,0.0428918923694422,NaN,0.938461161770582,4.3122168805991,5000,7.64846897125244,7.64846897125244,7.64846897125244,36875.1308502197,5560.00758902832,42435.138439248,,,3.76999998092651,1396.06994628906,1797.37906394285,1799.55888552513
2018-07-19T08:59:38Z,1531990778,1EE0B,40.6164634,43.4088585,5557.74,-33.1,-9.1,261.7,517255.84,-163638.02,256.4,Weapon+Missile,Blue,Enemies,R-27ER,,cn,,981.051929223362,743.329223632812,3.08122472751855,5557.73876953125,4183.98181152344,974.650330427052,-111.89111328125,0.460762823952513,NaN,1.32308960450151,4.79522096483255,5000,7.53846025466919,7.53846025466919,7.53846025466919,48123.144391644,5450.27989042236,53573.4242820664,,,4.76999998092651,1373.75695800781,2766.38018213495,2775.84591440058
2018-07-19T08:59:39Z,1531990779,1EE0B,40.6048709,43.4072762,5396.88,-28.6,-10.2,257.2,516332.91,-163900.05,251.9,Weapon+Missile,Blue,Enemies,R-27ER,,cn,,972.805574589387,743.262023925781,3.04901823193007,5396.87646484375,4134.5595703125,959.413364969872,-160.8623046875,0.124037609251028,NaN,4.03076100660215,4.44529628638763,5000,6.85677003860474,6.85677003860474,6.85677003860474,47317.5342976093,5292.527858396,52610.0621560053,,,5.76999998092651,1262.31689453125,3720.28862270345,3744.03056244329
2018-07-19T08:59:40Z,1531990780,1EE0B,40.5934213,43.4051221,5206.98,-25.7,-12.2,254,515427.38,-164224.42,248.8,Weapon+Missile,Blue,Enemies,R-27ER,,cn,,980.442641266098,755.865356445312,3.06550137527303,5206.97705078125,3812.92761230469,961.876283807623,-189.8994140625,0.0598746731333103,NaN,3.03074276493683,3.68018361820468,5000,5.24398756027222,5.24398756027222,5.24398756027222,48063.3886406422,5106.30014950439,53169.6887901466,,,6.76999998092651,1394.04943847656,4676.80047537689,4719.99081708039
2018-07-19T08:59:41Z,1531990781,1EE0B,40.5821053,43.4025693,4982.53,-23,-14.1,251.7,514536.62,-164591.97,246.5,Weapon+Missile,Blue,Enemies,R-27ER,,cn,,989.394636604045,770.928405761719,3.08467165593337,4982.5322265625,3384.10278320312,963.600678612394,-224.44482421875,0.158816373609983,NaN,2.52303772845686,2.38219986810143,5000,1.52262318134308,1.52262318134308,1.52262318134308,48945.0873470426,4886.19496596191,53831.2823130045,,,7.76999998092651,1598.42944335938,5635.10270687842,5704.97119637253
2018-07-19T08:59:42Z,1531990782,1EE0B,40.5707681,43.3999152,4735.57,-19.9,-14.1,253.5,513645.09,-164970.8,248.3,Weapon+Missile,Blue,Enemies,R-27ER,,cn,,999.663913684909,788.099060058594,3.10697115450599,4735.572265625,3190.69885253906,968.67885184801,-246.9599609375,0.250646227320302,NaN,3.27693351847536,0.659615487253638,5000,2.9454140663147,2.9454140663147,2.9454140663147,49966.3970161915,4644.00997586914,54610.4069920606,,,8.76999998092651,1544.87341308594,6598.49095491331,6700.22031622705
2018-07-19T08:59:43Z,1531990783,1EE0B,40.5591685,43.3974427,4488.91,-17.1,-14.1,253.8,512730.41,-165331.28,248.5,Weapon+Missile,Blue,Enemies,R-27ER,,cn,,1013.63051074354,808.40625,3.14062951065757,4488.9052734375,3135.01989746094,983.159299033168,-246.6669921875,0.0351419489818659,NaN,2.70768506247898,0.923474872957928,5000,0.860792398452759,0.860792398452759,0.860792398452759,51372.3406155109,4402.11228997559,55774.4529054865,,,9.76999998092651,1353.88537597656,7576.24467842346,7709.29418931229
2018-07-19T08:59:44Z,1531990784,1EE0B,40.5474068,43.3949415,4237.68,-14.6,-14.2,253.8,511802.78,-165695.98,248.5,Weapon+Missile,Blue,Enemies,R-27ER,,cn,,1027.91504173403,829.536804199219,3.17491236740955,4237.6826171875,2761.46557617188,996.742950820203,-251.22265625,0.0369643171561218,NaN,2.30770918468304,0.0513960362511687,5000,0.84180212020874,0.84180212020874,0.84180212020874,52830.4666511536,4155.74702378418,56986.2136749377,,,10.7699999809265,1476.21704101562,8567.51868018046,8732.5643680152
2018-07-19T08:59:45Z,1531990785,1EE0B,40.5359473,43.3925023,3991.62,-12.5,-14.3,253.8,510898.94,-166051.45,248.5,Weapon+Missile,Blue,Enemies,R-27ER,,cn,,1001.91659771809,818.960266113281,3.08517511591885,3991.623046875,2513.12280273438,971.231978798384,-246.0595703125,0.0249378582468899,NaN,1.90771623141417,0.0513960362511687,5000,0.860081970691681,0.860081970691681,0.860081970691681,50191.8434391499,3914.44501526367,54106.2884544135,,,11.7699999809265,1478.50024414062,9533.43324017429,9729.93110915353
2018-07-19T08:59:46Z,1531990786,1EE0B,40.5252021,43.3902129,3759.81,-10.8,-14.3,253.8,510051.38,-166384.89,248.5,Weapon+Missile,Blue,Enemies,R-27ER,,cn,,939.829240151523,778.462707519531,2.88572603389163,3759.81225585938,2289.48046875,910.792379092239,-231.810791015625,0.02361160348781,NaN,1.73845731359208,0.0559529163508511,5000,0.879367649555206,0.879367649555206,0.879367649555206,44163.9500321895,3687.11628589233,47851.0663180818,,,12.7699999809265,1470.33178710938,10439.2378333657,10665.4607181353
2018-07-19T08:59:47Z,1531990787,1EE0B,40.5150663,43.3880514,3540.25,-9.2,-14.4,253.7,509251.88,-166699.55,248.5,Weapon+Missile,Blue,Enemies,R-27ER,,cn,,886.802179297899,743.741394042969,2.71558198256975,3540.24609375,2375.36145019531,859.190785369619,-219.566162109375,0.045802071511028,NaN,1.53847449733598,0.0523391626455858,5000,0.891032814979553,0.891032814979553,0.891032814979553,39320.9052603751,3471.79543552734,42792.7006959025,,,13.7699999809265,1164.88464355469,11293.7701697609,11548.2238956858
2018-07-19T08:59:48Z,1531990788,1EE0B,40.5055166,43.3860134,3332.64,-7.9,-14.4,253.7,508498.56,-166996.05,248.5,Weapon+Missile,Blue,Enemies,R-27ER,,cn,,835.759249947277,709.328491210938,2.55280042334249,3332.63696289062,2242.31103515625,809.562828109252,-207.609130859375,0.0198448675687258,NaN,1.21539971940521,0.0484566469995765,5000,0.908173263072968,0.908173263072968,0.908173263072968,34924.6761936218,3268.20042721313,38192.8766208349,,,14.7699999809265,1090.32592773438,12098.9495301882,12380.1578741909
2018-07-19T08:59:49Z,1531990789,1EE0B,40.4965104,43.3840899,3136.22,-6.8,-14.4,253.7,507788.06,-167275.8,248.5,Weapon+Missile,Blue,Enemies,R-27ER,,cn,,788.447991335335,676.800659179688,2.40255124518119,3136.21923828125,1975.79821777344,763.590408858047,-196.417724609375,0.0484509802240768,NaN,1.16921568778488,0.0523391626455858,5000,0.920860946178436,0.920860946178436,0.920860946178436,31082.5117520362,3075.58043930908,34158.0921913453,,,15.7699999809265,1160.42102050781,12858.3851348277,13164.955589546
2018-07-19T08:59:50Z,1531990790,1EE0B,40.4880128,43.3822738,2950.38,-5.8,-14.5,253.7,507117.66,-167539.78,248.5,Weapon+Missile,Blue,Enemies,R-27ER,,cn,,744.089078218625,645.669982910156,2.26229275647569,2950.3798828125,1789.43688964844,720.508355456898,-185.83935546875,0.0182007506121859,NaN,0.969226895113258,0.0523391626455858,5000,0.922897756099701,0.922897756099701,0.922897756099701,27683.4278162122,2893.33428777832,30576.7621039905,,,16.7699999809265,1160.94299316406,13574.9837490004,13905.5904510607
2018-07-19T08:59:51Z,1531990791,1EE0B,40.4799577,43.3805511,2773.78,-5,-14.5,253.7,506482.16,-167790.08,248.5,Weapon+Missile,Blue,Enemies,R-27ER,,cn,,705.476293918538,618.424865722656,2.14034171013607,2773.77856445312,1732.49548339844,683.014476885202,-176.601318359375,0.00756773965667648,NaN,0.769238956215285,0.0171320104161963,5000,0.933084845542908,0.933084845542908,0.933084845542908,24884.8400640518,2720.14755590942,27604.9876199612,,,17.7699999809265,1041.28308105469,14254.3278703303,14607.808894004
2018-07-19T08:59:52Z,1531990792,1EE0B,40.4723306,43.3789191,2606.19,-4.3,-14.5,253.7,505880.38,-168027.12,248.5,Weapon+Missile,Blue,Enemies,R-27ER,,cn,,668.144706926147,591.459777832031,2.02301346696217,2606.19140625,1776.64196777344,646.785817561601,-167.587158203125,0.0392508528078609,NaN,0.769238956215285,0.0532655904281015,5000,0.939172506332397,0.939172506332397,0.939172506332397,22320.8674696714,2555.80069541016,24876.6681650815,,,18.7699999809265,829.549438476562,14897.614036342,15272.8289508213
2018-07-19T08:59:53Z,1531990793,1EE0B,40.4651187,43.377375,2447.41,-3.7,-14.6,253.7,505311.34,-168251.31,248.5,Weapon+Missile,Blue,Enemies,R-27ER,,cn,,631.876698030828,564.652587890625,1.90957709221613,2447.40991210938,1783.91528320312,611.601666636719,-158.781494140625,0.0307137143220729,NaN,0.569251017317311,0.0532655904281015,5000,0.938518822193146,0.938518822193146,0.938518822193146,19963.4080757171,2400.08924145874,22363.4973171758,,,19.7699999809265,663.49462890625,15505.9250389056,15901.7542985657
2018-07-19T08:59:54Z,1531990794,1EE0B,40.458243,43.3759022,2295.75,-3.2,-14.6,253.7,504768.81,-168465.06,248.5,Weapon+Missile,Blue,Enemies,R-27ER,,cn,,602.519297909688,543.103210449219,1.81757472221026,2295.75146484375,1608.50817871094,583.120244655047,-151.658447265625,0,NaN,0.415414239754291,0.0197823405926261,5000,0.942700386047363,0.942700386047363,0.942700386047363,18151.4752176791,2251.363110271,20402.8383279501,,,20.7699999809265,687.243286132812,16085.9119349388,16501.4502935226
2018-07-19T08:59:55Z,1531990795,1EE0B,40.4517585,43.3745125,2152.47,-2.8,-14.6,253.7,504257.12,-168666.7,248.5,Weapon+Missile,Blue,Enemies,R-27ER,,cn,,568.341812631576,516.799926757812,1.71156441763497,2152.470703125,1219.04779052734,549.984580971722,-143.28076171875,0.00854123865732913,NaN,0.369229781247134,0.0197823405926261,5000,0.946552574634552,0.946552574634552,0.946552574634552,16150.6207992673,2110.85268208008,18261.4734813474,,,21.7699999809265,933.422912597656,16632.9422041545,17067.1182394518
2018-07-19T08:59:56Z,1531990796,1EE0B,40.4455724,43.3731862,2015.56,-2.4,-14.6,253.7,503768.97,-168859.09,248.5,Weapon+Missile,Blue,Enemies,R-27ER,,cn,,542.268199772638,496.963165283203,1.63040404292904,2015.5615234375,1026.94256591797,524.70055936882,-136.9091796875,0.0340384343252482,NaN,0.230810021301302,0.0523391626455858,5000,0.946264564990997,0.946264564990997,0.946264564990997,14702.7400242329,1976.59064138184,16679.3306656147,,,22.7699999809265,988.618957519531,17154.8191964796,17606.8197575147
2018-07-19T08:59:57Z,1531990797,1EE0B,40.4397225,43.3719313,1885.86,-2,-14.7,253.7,503307.34,-169041.05,248.5,Weapon+Missile,Blue,Enemies,R-27ER,,cn,,512.861276878353,473.696716308594,1.53963425255323,1885.86145019531,893.456604003906,496.190064715393,-129.700073242188,0.0400698044871765,NaN,0.369254540682876,0.0523391626455858,5000,0.943777680397034,0.943777680397034,0.943777680397034,13151.3344660647,1849.39831905579,15000.7327851205,,,23.7699999809265,992.404846191406,17648.3661912308,18117.2703112115
2018-07-19T08:59:58Z,1531990798,1EE0B,40.4341556,43.3707366,1762.21,-1.7,-14.7,253.6,502868.03,-169214.23,248.5,Weapon+Missile,Blue,Enemies,R-27ER,,cn,,488.137787960396,454.062072753906,1.46328683747148,1762.21228027344,798.25927734375,472.217516418546,-123.649169921875,0.0149845822566499,NaN,0.307673768569452,0.00989117029631303,5000,0.933234870433807,0.933234870433807,0.933234870433807,11913.9250017434,1728.13990583435,13642.0649075778,,,24.7699999809265,963.953002929688,18118.0661292338,18603.1029499745
2018-07-19T08:59:59Z,1531990799,1EE0B,40.4288594,43.3695994,1644.23,-1.5,-14.7,253.6,502450.06,-169379.03,248.5,Weapon+Missile,Blue,Enemies,R-27ER,,cn,,464.5154620814,434.96044921875,1.39055196056523,1644.23461914062,634.038879394531,449.28374774337,-117.977661132812,0.0504790533894612,NaN,0.200042580411333,0.0523391626455858,5000,0.901004672050476,0.901004672050476,0.901004672050476,10788.7307256348,1612.44334277954,12401.1740684144,,,25.7699999809265,1010.19573974609,18564.9456260433,19065.4087840723
2018-07-19T09:00:00Z,1531990800,1EE0B,40.4238382,43.3685205,1531.71,-1.3,-14.8,253.6,502053.81,-169535.34,248.5,Weapon+Missile,Blue,Enemies,R-27ER,,cn,,440.577770743468,415.123016357422,1.31716119004007,1531.71301269531,506.12939453125,425.96673597389,-112.521606445312,0.0393908515561903,NaN,0.369208436905978,0.00989117029631303,5000,1.02263653278351,1.02263653278351,1.02263653278351,9705.43860366419,1502.09734159485,11207.535945259,,,26.7699999809265,1025.58361816406,18988.657643741,19503.9089477935
2018-07-19T09:00:01Z,1531990801,1EE0B,40.4190907,43.3675008,1425.89,-1.1,-14.7,253.6,501679.12,-169683.06,248.5,Weapon+Missile,Blue,Enemies,R-27ER,,cn,,416.425364872445,394.585174560547,1.24342088231457,1425.88989257812,496.908935546875,402.754952493216,-105.823120117188,0.0190495420570432,NaN,0.200042580411333,0.101835886039175,5000,1.02182126045227,1.02182126045227,1.02182126045227,8670.50422545746,1398.32031150513,10068.8245369626,,,27.7699999809265,928.98095703125,19389.2621495919,19918.3446236493
2018-07-19T09:00:02Z,1531990802,1EE0B,40.4145714,43.3665303,1325.69,-0.9,-14.6,253.6,501322.41,-169823.64,248.5,Weapon+Missile,Blue,Enemies,R-27ER,,cn,,396.295396460277,377.290832519531,1.1819369762152,1325.69226074219,446.52734375,383.419451554141,-100.197631835938,0.00982159298938861,NaN,0.199987938897973,0.0523391626455858,5000,1.00909149646759,1.00909149646759,1.00909149646759,7852.50206278041,1300.06000088074,9152.56206366115,,,28.7699999809265,879.164916992188,19770.6172713518,20312.7226676009
2018-07-19T09:00:03Z,1531990803,1EE0B,40.4102943,43.365612,1231.28,-0.7,-14.6,253.6,500984.84,-169956.64,248.5,Weapon+Missile,Blue,Enemies,R-27ER,,cn,,374.901468192288,358.348022460938,1.11690701154388,1231.28002929688,368.506896972656,362.81874456297,-94.4122314453125,0.0375654536100241,NaN,0.199987938897973,0.0532655904281015,5000,0.998171508312225,0.998171508312225,0.998171508312225,7027.55554263666,1207.47322993042,8235.02877256708,,,29.7699999809265,862.773132324219,20131.5279919404,20685.847904342
2018-07-19T09:00:04Z,1531990804,1EE0B,40.4062237,43.3647382,1141.73,-0.6,-14.5,253.6,500663.53,-170083.19,248.5,Weapon+Missile,Blue,Enemies,R-27ER,,cn,,356.75609917329,342.069030761719,1.06174766329191,1141.73071289062,246.769592285156,345.334380316405,-89.54931640625,0.0142280681762731,NaN,0,0.0532655904281015,5000,0.993350684642792,0.993350684642792,0.993350684642792,6363.74571486712,1119.65534955688,7483.401064424,,,30.7699999809265,894.961120605469,20475.0159333191,21040.8788134371
2018-07-19T09:00:05Z,1531990805,1EE0B,40.4023926,43.3639157,1057.69,-0.5,-14.5,253.6,500361.12,-170202.27,248.5,Weapon+Missile,Blue,Enemies,R-27ER,,cn,,335.69530025158,322.621826171875,0.998099286168922,1057.69384765625,180.139770507812,325.006369003098,-84.036865234375,0.0185201359456091,NaN,0,0.0171320104161963,5000,0.985904216766357,0.985904216766357,0.985904216766357,5634.56673054993,1037.24333711182,6671.81006766175,,,31.7699999809265,877.554077148438,20798.2995971288,21374.9604874902
2018-07-19T09:00:06Z,1531990806,1EE0B,40.3987738,43.363139,978.49,-0.4,-14.5,253.6,500075.47,-170314.75,248.5,Weapon+Missile,Blue,Enemies,R-27ER,,cn,,317.056968203731,305.349578857422,0.941823142555474,978.492248535156,104.255859375,307.005256930892,-79.2015991210938,0.0416895203958418,NaN,0,0.0523391626455858,5000,0.98156464099884,0.98156464099884,0.98156464099884,5026.25605432708,959.573100909729,5985.82915523681,,,32.7699999809265,874.236389160156,21103.6741613416,21690.4859078043
2018-07-19T09:00:07Z,1531990807,1EE0B,40.3953227,43.3623982,903.11,-0.3,-14.4,253.6,499803.06,-170421.98,248.5,Weapon+Missile,Blue,Enemies,R-27ER,,cn,,302.30259976286,291.802429199219,0.897216593151862,903.109985351562,83.5422973632812,292.753097713249,-75.3822631835938,0.0343797782904386,NaN,0,0.0523391626455858,5000,0.981673359870911,0.981673359870911,0.981673359870911,4569.34309116919,885.64835378479,5454.99144495398,,,33.7699999809265,819.567687988281,21394.8966811666,21991.3481076582
2018-07-19T09:00:08Z,1531990808,1EE0B,40.3920342,43.3616922,831.39,-0.2,-14.4,253.6,499543.44,-170524.17,248.5,Weapon+Missile,Blue,Enemies,R-27ER,,cn,,288.082277922847,278.704681396484,0.854307487657537,831.388488769531,64.8470458984375,279.011515499361,-71.7214965820312,0.0245284784150977,NaN,0.200042580411333,0.0197823405926261,5000,0.976906418800354,0.976906418800354,0.976906418800354,4149.56994266082,815.313592339172,4964.88353499999,,,34.7699999809265,766.541442871094,21672.3981534181,22278.0046673841
