ISOTime,UnixTime,Id,Longitude,Latitude,Altitude,Roll,Pitch,Yaw,U,V,Heading,Type,Color,Coalition,Name,Group,Country,Pilot,TAS,CAS,M,ASL,AGL,GS,VS,AOA,AOS,RRT,TRT,TRD,G,LatG,LonG,Ek,Ep,Em,FFW,FFV,RelativeTime,Elev,GroundDistance,AirDistance
2018-07-19T09:00:59Z,1531990859,2910D,40.6820957,43.4171679,4580.27,26.5,-11.4,316.4,522486.72,-162224.06,311,Weapon+Missile,Blue,Enemies,R-27ET,,cn,,292.390038812539,241.016036987305,0.906979064462234,4580.27197265625,3179.03515625,NaN,NaN,NaN,NaN,NaN,NaN,NaN,NaN,NaN,NaN,NaN,4491.71241406494,NaN,,,0.460000038146973,1401.23681640625,NaN,NaN
2018-07-19T09:01:00Z,1531990860,2910D,40.6781702,43.4201672,4486.51,22.7,-11.4,315.3,522137.91,-161920.28,309.9,Weapon+Missile,Blue,Enemies,R-27ET,,cn,,471.957247907554,394.9755859375,1.46226702553622,4486.5146484375,3220.46240234375,462.550762628074,-93.75732421875,0.31062690892955,NaN,2.4307823633375,2.10600567089807,5000,2.96924304962158,2.96924304962158,2.96924304962158,11137.1821926236,4399.76788770996,15536.9500803336,,,1.46000003814697,1266.05224609375,460.670659597962,470.435623212627
2018-07-19T09:01:01Z,1531990861,2910D,40.6718693,43.4246348,4352.08,20,-10.4,313.3,521581.66,-161471.17,308,Weapon+Missile,Blue,Enemies,R-27ET,,cn,,727.452221537017,593.396850585938,2.25008205998031,4352.0771484375,3346.89526367188,714.921879097913,-134.4375,0.0588934661602068,NaN,2.87693031992273,1.97565590964487,5000,2.51533102989197,2.51533102989197,2.51533102989197,26459.336730957,4267.92973677246,30727.2664677295,,,2.46000003814697,1005.18188476562,1172.61510933436,1195.44664330919
2018-07-19T09:01:02Z,1531990862,2910D,40.6633484,43.4303772,4180.12,17.2,-10.4,312.3,520832.56,-160897,306.9,Weapon+Missile,Blue,Enemies,R-27ET,,cn,,959.366549788671,778.231079101562,2.96106607998028,4180.11962890625,3019.49426269531,943.829851366271,-171.95751953125,0.0505932128062498,NaN,3.03074618003142,1.36076620862377,5000,2.24548196792603,2.24548196792603,2.24548196792603,46019.2088426709,4099.29701588135,50118.5058585523,,,3.46000003814697,1160.62536621094,2112.38930033944,2151.4418106715
2018-07-19T09:01:03Z,1531990863,2910D,40.6544386,43.4361101,3996.93,14.4,-11.1,310.7,520052.25,-160326.73,305.4,Weapon+Missile,Blue,Enemies,R-27ET,,cn,,983.692353041576,804.338684082031,3.02925642772727,3996.92529296875,2638.77722167969,966.483564636715,-183.1943359375,0.0309025840667512,NaN,2.67694238102476,1.5207187802583,5000,2.37729287147522,2.37729287147522,2.37729287147522,48382.5322716236,3919.6447424292,52302.1770140528,,,4.46000003814697,1358.14807128906,3074.69492825019,3131.63560753523
2018-07-19T09:01:04Z,1531990864,2910D,40.6454685,43.4416108,3801.06,11.9,-12.1,309.6,519269.56,-159782.62,304.2,Weapon+Missile,Blue,Enemies,R-27ET,,cn,,973.148508858384,803.537719726562,2.98954959596264,3801.05981445312,2295.47106933594,953.23382998042,-195.865478515625,0.0846104079942745,NaN,2.30772967525055,1.4198643136956,5000,1.76157021522522,1.76157021522522,1.76157021522522,47350.9010146648,3727.56632294067,51078.4673376054,,,5.46000003814697,1505.58874511719,4023.72565208695,4101.23557322267
2018-07-19T09:01:05Z,1531990865,2910D,40.6364455,43.446947,3593.06,9.9,-12.7,308.7,518484.38,-159257.12,303.3,Weapon+Missile,Blue,Enemies,R-27ET,,cn,,967.437116418208,806.96923828125,2.96442009052128,3593.0576171875,1797.66723632812,944.811970794322,-208.002197265625,0.0603899487618498,NaN,1.93846232796298,1.02949765828821,5000,1.50797200202942,1.50797200202942,1.50797200202942,46796.7287111789,3523.58584815918,50320.3145593381,,,6.46000003814697,1795.39038085938,4964.30567886977,5065.0724951205
2018-07-19T09:01:06Z,1531990866,2910D,40.6273865,43.4521454,3382.65,8.7,-12.5,307.9,517697.84,-158747.12,302.6,Weapon+Missile,Blue,Enemies,R-27ET,,cn,,960.730193903804,809.622741699219,2.93630871728545,3382.65063476562,1179.89038085938,937.40674588279,-210.406982421875,0.0452294519879342,NaN,1.16921910287946,0.80188235124948,5000,1.90693628787994,1.90693628787994,1.90693628787994,46150.1252739221,3317.24708474243,49467.3723586645,,,7.46000003814697,2202.76025390625,5897.50062581598,6022.19140671975
2018-07-19T09:01:07Z,1531990867,2910D,40.6183382,43.4571981,3179.37,8.3,-12.2,307.2,516913.81,-158253.14,301.9,Weapon+Missile,Blue,Enemies,R-27ET,,cn,,948.708091928158,807.530151367188,2.89240711629016,3179.37377929688,889.66162109375,926.674464804498,-203.27685546875,0.0752009302282998,NaN,0.215396845665522,0.585848110196178,5000,1.19563257694244,1.19563257694244,1.19563257694244,45002.3521844983,3117.90058727417,48120.2527717725,,,8.46000003814697,2289.71215820312,6819.99583019365,6967.28115878942
2018-07-19T09:01:08Z,1531990868,2910D,40.6093855,43.4621357,2979.93,7.4,-12.4,307.5,516138.75,-157771.16,302.2,Weapon+Missile,Blue,Enemies,R-27ET,,cn,,934.242294599383,803.075805664062,2.84143847439959,2979.92993164062,781.1044921875,912.705218923608,-199.44384765625,0.011495360325577,NaN,0.969231163981489,0.269614780575378,5000,1.62218856811523,1.62218856811523,1.62218856811523,43640.433250916,2922.31298641235,46562.7462373284,,,9.46000003814697,2198.82543945312,7728.52688303911,7897.8744227252
2018-07-19T09:01:09Z,1531990869,2910D,40.6006681,43.4670846,2783.59,6.7,-12.3,308.4,515382.78,-157286.09,303.1,Weapon+Missile,Blue,Enemies,R-27ET,,cn,,919.414875954586,797.982788085938,2.78973790535707,2783.59008789062,729.557373046875,898.206201204831,-196.33984375,0.0361703876540332,NaN,0.769243225083516,0.797354682881702,5000,1.50428831577301,1.50428831577301,1.50428831577301,42266.1857063294,2729.76937354126,44995.9550798706,,,10.460000038147,2054.03271484375,8622.71010547014,8813.75413522476
2018-07-19T09:01:10Z,1531990870,2910D,40.592727,43.4717088,2603.35,6.1,-12.2,308.9,514693,-156831.28,303.6,Weapon+Missile,Blue,Enemies,R-27ET,,cn,,845.659144762052,741.902465820312,2.56040593127472,2603.34912109375,775.871948242188,826.227924369428,-180.240966796875,0.0673228949123663,NaN,0.338449533752472,0.649073677239105,5000,1.91925501823425,1.91925501823425,1.91925501823425,35756.9694559842,2553.0133658374,38309.9828218216,,,11.460000038147,1827.47717285156,9445.25725542229,9656.15675836597
2018-07-19T09:01:11Z,1531990871,2910D,40.5855258,43.4759667,2447.21,6.3,-11.1,309.2,514066.97,-156411.61,304,Weapon+Missile,Blue,Enemies,R-27ET,,cn,,769.688371737324,682.157836914062,2.32604829519847,2447.20629882812,880.537109375,753.68402440451,-156.142822265625,0.0738841509242807,NaN,0.199999891729021,0.932543016298177,5000,2.58261799812317,2.58261799812317,2.58261799812317,29621.0094793826,2399.88956504028,32020.8990444229,,,12.460000038147,1566.66918945312,10195.6462851484,10422.9098120447
2018-07-19T09:01:12Z,1531990872,2910D,40.5788796,43.4799057,2318.35,7.1,-9.5,309.1,513489.16,-156023.2,303.8,Weapon+Missile,Blue,Enemies,R-27ET,,cn,,708.046647134201,633.08056640625,2.1364846231636,2318.35229492188,963.0810546875,696.223168384472,-128.85400390625,0.0336174254465057,NaN,0.969231163981489,1.71048288646412,5000,3.55508947372437,3.55508947372437,3.55508947372437,25066.5027258992,2273.52695329956,27340.0296791988,,,13.460000038147,1355.27124023438,10888.8211355374,11128.2138626039
2018-07-19T09:01:13Z,1531990873,2910D,40.5727318,43.4835305,2224,8.3,-7.2,309.1,512954.91,-155665.98,303.8,Weapon+Missile,Blue,Enemies,R-27ET,,cn,,649.561787051666,585.246215820312,1.95781685716516,2224.00073242188,1183.88415527344,642.672776653533,-94.3515625,0.0840805874279492,NaN,1.09230775773053,2.18847158413436,5000,3.33976030349731,3.33976030349731,3.33976030349731,21096.5257598877,2180.9996782605,23277.5254381482,,,14.460000038147,1040.11657714844,11528.6726734853,11775.2098684817
2018-07-19T09:01:14Z,1531990874,2910D,40.5670546,43.4868938,2158.86,9.1,-5.3,309.3,512461.44,-155334.33,304.1,Weapon+Missile,Blue,Enemies,R-27ET,,cn,,598.12283546077,542.404907226562,1.80138628920119,2158.857421875,1148.75372314453,594.564778128191,-65.143310546875,0.0262498495411016,NaN,0.769229564705176,1.99002577388493,5000,2.99805998802185,2.99805998802185,2.99805998802185,17887.5463149816,2117.11591362305,20004.6622286046,,,15.460000038147,1010.10369873047,12120.6434860965,12370.9564081358
2018-07-19T09:01:15Z,1531990875,2910D,40.5618009,43.4900484,2117.03,9.9,-3.3,309.9,512004.41,-155022.67,304.6,Weapon+Missile,Blue,Enemies,R-27ET,,cn,,554.758246816133,505.774597167969,1.66995715958327,2117.03002929688,844.690673828125,553.179158718606,-41.827392578125,0.0382822763030576,NaN,0.969229456434197,2.04273797224792,5000,2.98291015625,2.98291015625,2.98291015625,15387.8356205255,2076.09725368042,17463.9328742059,,,16.460000038147,1272.33935546875,12671.4219879738,12923.5049514737
2018-07-19T09:01:16Z,1531990876,2910D,40.5569998,43.4930261,2095.82,10.5,-1.3,310.8,511585.81,-154727.3,305.6,Weapon+Missile,Blue,Enemies,R-27ET,,cn,,512.754348624847,469.700744628906,1.54312822947662,2095.81909179688,686.801879882812,512.315447906915,-21.2109375,0.526938324737403,NaN,0.769231272252469,2.48848550899306,5000,3.45317792892456,3.45317792892456,3.45317792892456,13145.8511016846,2055.29642965698,15201.1475313416,,,17.460000038147,1409.01721191406,13181.5322671608,13434.2243491804
2018-07-19T09:01:17Z,1531990877,2910D,40.5525288,43.4957236,2099.04,11.3,1,309.3,511196.81,-154460.59,304.1,Weapon+Missile,Blue,Enemies,R-27ET,,cn,,471.658702226571,433.733978271484,1.41950539927955,2099.0400390625,677.637329101562,471.647704208094,3.220947265625,0.130208762062228,NaN,0.399975877795947,1.71099792541622,5000,1.45029246807098,1.45029246807098,1.45029246807098,11123.0965693027,2058.45509990723,13181.5516692099,,,18.460000038147,1421.40270996094,13651.146830143,13904.004385381
2018-07-19T09:01:18Z,1531990878,2910D,40.5483306,43.4982201,2105.74,9.6,0.9,309.3,510831.94,-154214.2,304,Weapon+Missile,Blue,Enemies,R-27ET,,cn,,440.326080578772,405.994323730469,1.32531167989145,2105.74462890625,708.279174804688,440.275034169428,6.70458984375,0.0497682116706408,NaN,1.53848645016703,0.195835570748789,5000,1.00921678543091,1.00921678543091,1.00921678543091,9694.35286189318,2065.03005650635,11759.3829183995,,,19.460000038147,1397.46545410156,14089.514459729,14342.567763426
2018-07-19T09:01:19Z,1531990879,2910D,40.5444209,43.5005441,2112.06,8.1,0.9,309.3,510492.19,-153984.83,304,Weapon+Missile,Blue,Enemies,R-27ET,,cn,,409.979130117243,378.773376464844,1.23406436432381,2112.06396484375,658.13037109375,409.93042473693,6.3193359375,0.0341826698042858,NaN,1.46155119935601,0,5000,1.03432726860046,1.03432726860046,1.03432726860046,8404.14435658455,2071.2272080835,10475.371564668,,,20.460000038147,1453.93359375,14497.6779022868,14750.9150635558
2018-07-19T09:01:20Z,1531990880,2910D,40.5407781,43.5027093,2118.28,6.8,1,309.3,510175.62,-153771.12,304,Weapon+Missile,Blue,Enemies,R-27ET,,cn,,381.994109524706,353.1728515625,1.14991213189781,2118.28149414062,558.113403320312,381.943506347491,6.217529296875,0.0566546569031238,NaN,1.32308960450151,0.0494558589854351,5000,1.03109419345856,1.03109419345856,1.03109419345856,7295.97498557866,2077.32452145142,9373.29950703007,,,21.460000038147,1560.16809082031,14877.9586638397,15131.3727446495
2018-07-19T09:01:21Z,1531990881,2910D,40.5373697,43.5047349,2124.38,5.8,1,309.3,509879.5,-153571.17,304,Weapon+Missile,Blue,Enemies,R-27ET,,cn,,357.363127066646,330.077850341797,1.075843320615,2124.37548828125,519.999755859375,357.311163864587,6.093994140625,0.0353682692665769,NaN,0.969231163981489,0.0494558589854351,5000,1.02660989761353,1.02660989761353,1.02660989761353,6385.42022934258,2083.30068821533,8468.72091755791,,,22.460000038147,1604.37573242188,15233.7438179156,15487.3283993405
2018-07-19T09:01:22Z,1531990882,2910D,40.5342102,43.5066124,2130.28,4.9,1,309.3,509604.97,-153385.84,304,Weapon+Missile,Blue,Enemies,R-27ET,,cn,,331.283480414874,305.197418212891,0.997400037638186,2130.27661132812,472.74072265625,331.230918156168,5.901123046875,0.0494382520553209,NaN,0.810279001616953,0,5000,1.02644908428192,1.02644908428192,1.02644908428192,5487.43721978962,2089.0877130481,7576.52493283772,,,23.460000038147,1657.53588867188,15563.5277510997,15817.2751019544
