ISOTime,UnixTime,Id,Longitude,Latitude,Altitude,Roll,Pitch,Yaw,U,V,Heading,Type,Color,Coalition,Name,Group,Country,Pilot,TAS,CAS,M,ASL,AGL,GS,VS,AOA,AOS,RRT,TRT,TRD,G,LatG,LonG,Ek,Ep,Em,FFW,FFV,RelativeTime,Elev,GroundDistance,AirDistance
2018-07-19T09:02:21Z,1531990941,30E05,40.5863068,43.3565667,6262.95,152.7,-14.1,357.2,515344.56,-169672.09,352,Weapon+Missile,Blue,Enemies,R-27ER,,cn,,247.712566746923,186.224349975586,0.785159664848077,6262.9521484375,4712.14770507812,NaN,NaN,NaN,NaN,NaN,NaN,NaN,NaN,NaN,NaN,NaN,6141.85796864746,NaN,,,0.230000019073486,1550.80444335938,NaN,NaN
2018-07-19T09:02:22Z,1531990942,30E05,40.5856564,43.3589913,6227.05,122.8,-16.7,0,515267.19,-169407.53,354.8,Weapon+Missile,Blue,Enemies,R-27ER,,cn,,277.973227482759,211.210754394531,0.880660662584306,6227.05078125,4842.65844726562,275.645074382348,-35.9013671875,10.8823257695543,NaN,27.7691995801974,14.1867898565047,1548.63556047167,2.95380449295044,2.95380449295044,2.95380449295044,3863.45575985909,6106.65075439453,9970.10651425362,,,1.23000001907349,1384.39233398438,274.990504639779,277.591139850917
2018-07-19T09:02:23Z,1531990943,30E05,40.5852638,43.3631211,6103.43,98.1,-17.2,5.5,515193.41,-168951.58,0.2,Weapon+Missile,Blue,Enemies,R-27ER,,cn,,478.141044486122,373.926452636719,1.51237539453877,6103.4306640625,5008.07556152344,461.884103481412,-123.6201171875,1.68956771460025,NaN,23.6153517345624,5.10894350624228,2114.2693483185,12.5711269378662,12.5711269378662,12.5711269378662,11430.942921114,5985.42083217285,17416.3637532868,,,2.23000001907349,1095.35510253906,735.821615436323,755.145323132525
2018-07-19T09:02:24Z,1531990944,30E05,40.5866614,43.3693279,5886.89,79.5,-16.4,12.6,515243.66,-168251.59,7.4,Weapon+Missile,Blue,Enemies,R-27ER,,cn,,734.434794924399,558.042419433594,2.31650099117645,5886.88671875,4937.56323242188,701.785713550896,-216.5439453125,0.754653662148587,NaN,17.1538288551903,4.92803185880933,5000,4.37472295761108,4.37472295761108,4.37472295761108,26969.7233997822,5773.06376404297,32742.7871638252,,,3.23000001907349,949.323486328125,1435.95137483394,1488.6266726949
2018-07-19T09:02:25Z,1531990945,30E05,40.5890728,43.3775781,5621.34,67.8,-15.3,11.2,515355.25,-167317.05,6,Weapon+Missile,Blue,Enemies,R-27ER,,cn,,977.929664524475,738.747863769531,3.07393609652979,5621.33935546875,4934.55389404297,941.185968133465,-265.54736328125,0.0971825282958825,NaN,11.3846139500906,1.26528368584328,5000,2.94891047477722,2.94891047477722,2.94891047477722,47817.3214378476,5512.65075903076,53329.9721968784,,,4.23000001907349,686.785461425781,2374.86001994476,2465.17987861462
2018-07-19T09:02:26Z,1531990946,30E05,40.591378,43.3863924,5350.31,57.3,-14.6,10.2,515452.41,-166320.61,4.9,Weapon+Missile,Blue,Enemies,R-27ER,,cn,,1037.19952245481,792.044128417969,3.24890639406434,5350.31201171875,4882.43115234375,1001.16283806397,-271.02734375,0.25509074685252,NaN,10.1538685031677,2.06414848086179,5000,4.60309648513794,4.60309648513794,4.60309648513794,53789.1424690247,5246.86372897217,59036.0061979968,,,5.23000001907349,467.880859375,3373.63277134591,3500.90162926034
2018-07-19T09:02:27Z,1531990947,30E05,40.5932138,43.3953127,5090.29,48,-15.2,7.7,515510.38,-165315.86,2.4,Weapon+Missile,Blue,Enemies,R-27ER,,cn,,1039.4679422472,804.04541015625,3.24522578254369,5090.29150390625,4535.67102050781,1006.42085554531,-260.0205078125,0.271193753196191,NaN,9.63078529577142,2.1232887410074,5000,3.36490845680237,3.36490845680237,3.36490845680237,54024.6801479816,4991.87071767822,59016.5508656599,,,6.23000001907349,554.620483398438,4377.6811810976,4538.86827879419
2018-07-19T09:02:28Z,1531990948,30E05,40.5946661,43.4043696,4816.68,39.5,-14.9,6.1,515535.84,-164298.78,0.8,Weapon+Missile,Blue,Enemies,R-27ER,,cn,,1053.54588265764,825.660827636719,3.27779010991218,4816.681640625,3507.98376464844,1017.39695772106,-273.60986328125,0.0708040144305886,NaN,8.41539411410267,1.09320848892733,5000,1.7440859079361,1.7440859079361,1.7440859079361,55497.9463432431,4723.55110110352,60221.4974443466,,,7.23000001907349,1308.69787597656,5392.70733440097,5590.88604046576
2018-07-19T09:02:29Z,1531990949,30E05,40.5959791,43.413501,4543.83,32.2,-14.9,6,515549.25,-163274.47,0.7,Weapon+Missile,Blue,Enemies,R-27ER,,cn,,1060.11524527674,841.918762207031,3.28692001168684,4543.8291015625,2754.6201171875,1024.40022705743,-272.8525390625,0.0266011326039547,NaN,6.92307974272492,0.235319066731421,5000,0.971255958080292,0.971255958080292,0.971255958080292,56192.2166634083,4455.97416588379,60648.1908292921,,,8.23000001907349,1789.208984375,6414.73494241412,6649.43337622911
2018-07-19T09:02:30Z,1531990950,30E05,40.597289,43.4227058,4268.79,26.1,-14.9,5.9,515561.59,-162242.02,0.7,Weapon+Missile,Blue,Enemies,R-27ER,,cn,,1068.53091176026,859.969177246094,3.30164108770462,4268.7900390625,2136.27978515625,1032.52691174919,-275.0390625,0.0444881800693095,NaN,5.7538059983321,0.0513960362511687,5000,0.966341137886047,0.966341137886047,0.966341137886047,57087.9154693604,4186.25298365723,61274.1684530176,,,9.23000001907349,2132.51025390625,7444.87346705483,7716.34415173431
2018-07-19T09:02:31Z,1531990951,30E05,40.5985994,43.4319805,3991.65,21.3,-14.9,5.9,515573.22,-161201.8,0.6,Weapon+Missile,Blue,Enemies,R-27ER,,cn,,1076.56696860464,878.11865234375,3.3150451479562,3991.65063476562,2066.7939453125,1040.28370576327,-277.139404296875,0.0327525556997105,NaN,4.50765164464161,0.0513960362511687,5000,0.965657830238342,0.965657830238342,0.965657830238342,57949.8218945295,3914.47206974243,61864.2939642719,,,10.2300000190735,1924.85668945312,8482.74788968198,8791.23256331816
2018-07-19T09:02:32Z,1531990952,30E05,40.599898,43.441227,3715.34,17.2,-14.9,5.9,515584.12,-160164.8,0.6,Weapon+Missile,Blue,Enemies,R-27ER,,cn,,1073.23685804054,887.373901367188,3.29354970570203,3715.33666992188,1908.8896484375,1037.0573495661,-276.31396484375,0.0313080673289439,NaN,3.66152781026044,0.0197823405926261,5000,0.967171788215637,0.967171788215637,0.967171788215637,57591.8676728368,3643.50063540894,61235.3683082457,,,11.2300000190735,1806.44702148438,9517.40298619669,9862.75228434293
2018-07-19T09:02:33Z,1531990953,30E05,40.601117,43.4499503,3454.64,14,-14.9,5.8,515593.84,-159186.52,0.6,Weapon+Missile,Blue,Enemies,R-27ER,,cn,,1012.46819693318,849.039184570312,3.09715610492432,3454.63916015625,1503.25964355469,978.329524343984,-260.697509765625,0.0439166448697774,NaN,3.0769182588207,0.0513960362511687,5000,0.967828452587128,0.967828452587128,0.967828452587128,51254.5924900562,3387.84371199463,54642.4362020508,,,12.2300000190735,1951.37951660156,10493.4643274023,10873.5589947826
2018-07-19T09:02:34Z,1531990954,30E05,40.6022572,43.4581453,3209.72,11.4,-14.9,5.8,515602.56,-158267.52,0.5,Weapon+Missile,Blue,Enemies,R-27ER,,cn,,951.115467299123,808.359069824219,2.90081474821776,3209.7236328125,1195.27746582031,919.04135739452,-244.91552734375,0.0393379181150984,NaN,2.50766297263516,0.0513960362511687,5000,0.968118190765381,0.968118190765381,0.968118190765381,45231.0316067815,3147.66362637207,48378.6952331536,,,13.2300000190735,2014.44616699219,11410.3667129098,11823.0705887052
2018-07-19T09:02:35Z,1531990955,30E05,40.6033148,43.4657737,2981.73,9.3,-14.9,5.8,515610.31,-157412.08,0.5,Weapon+Missile,Blue,Enemies,R-27ER,,cn,,885.332790785901,762.179931640625,2.69274186508333,2981.73071289062,909.608154296875,855.472605584919,-227.992919921875,0.0270285577403077,NaN,1.90769915594124,0.0197823405926261,5000,0.967572450637817,0.967572450637817,0.967572450637817,39190.7075220376,2924.07894955688,42114.7864715945,,,14.2300000190735,2072.12255859375,12263.8457531213,12706.8774233883
2018-07-19T09:02:36Z,1531990956,30E05,40.6043103,43.4729759,2766.47,7.5,-14.9,5.8,515617.38,-156604.47,0.5,Weapon+Missile,Blue,Enemies,R-27ER,,cn,,835.834075777084,728.098815917969,2.53561118106717,2766.47314453125,930.128540039062,807.640254998561,-215.257568359375,0.02630837527574,NaN,1.73847438906501,0.0197823405926261,5000,0.968793451786041,0.968793451786041,0.968793451786041,34930.9301115066,2712.98338628174,37643.9134977883,,,15.2300000190735,1836.34460449219,13069.6182174041,13541.2576491439
2018-07-19T09:02:37Z,1531990957,30E05,40.6052412,43.4797287,2564.65,6.1,-14.9,5.8,515623.78,-155847.27,0.5,Weapon+Missile,Blue,Enemies,R-27ER,,cn,,783.664429457484,690.457702636719,2.37160664462297,2564.65063476562,972.762084960938,757.23022427055,-201.822509765625,0.0354352937395736,NaN,1.3692616832908,0.0197823405926261,5000,0.967588841915131,0.967588841915131,0.967588841915131,30706.4968998462,2515.06311474243,33221.5600145886,,,16.2300000190735,1591.88854980469,13825.081349864,14323.5197572921
2018-07-19T09:02:38Z,1531990958,30E05,40.6061164,43.4860917,2374.47,4.9,-14.9,5.8,515629.62,-155133.78,0.5,Weapon+Missile,Blue,Enemies,R-27ER,,cn,,738.41854799051,657.552062988281,2.22961700159588,2374.47216796875,937.539916992188,713.508306036589,-190.178466796875,0.0449621121111236,NaN,1.03075750802496,0.0197823405926261,5000,0.967477560043335,0.967477560043335,0.967477560043335,27263.0976008207,2328.56174860107,29591.6593494217,,,17.2300000190735,1436.93225097656,14536.9279566796,15060.5990722641
2018-07-19T09:02:39Z,1531990959,30E05,40.60694,43.4920915,2195.14,4.1,-14.9,5.7,515634.97,-154461.03,0.4,Weapon+Missile,Blue,Enemies,R-27ER,,cn,,696.261477342583,626.302490234375,2.09785487987511,2195.14306640625,910.368041992188,672.771222752625,-179.3291015625,0.0571960271942292,NaN,0.815360662359442,0.0513960362511687,5000,0.968513250350952,0.968513250350952,0.968513250350952,24239.0022415638,2152.69997521729,26391.7022167811,,,18.2300000190735,1284.77502441406,15208.1302869654,15755.5770015745
2018-07-19T09:02:40Z,1531990960,30E05,40.6077154,43.4977534,2025.92,3.3,-14.9,5.7,515639.88,-153826.19,0.4,Weapon+Missile,Blue,Enemies,R-27ER,,cn,,657.028829628685,596.700073242188,1.97568912971049,2025.92065429688,660.344970703125,634.862708152814,-169.222412109375,0.0487401127903898,NaN,0.569200644672183,0.0513960362511687,5000,0.966372013092041,0.966372013092041,0.966372013092041,21584.344148162,1986.74947844604,23571.0936266081,,,19.2300000190735,1365.57568359375,15841.5058793786,16411.3714825171
2018-07-19T09:02:41Z,1531990961,30E05,40.6084492,43.5031232,1865.41,2.6,-14.9,5.7,515644.34,-153224.11,0.4,Weapon+Missile,Blue,Enemies,R-27ER,,cn,,623.121343246884,570.988403320312,1.87019062630762,1865.41467285156,116.1142578125,602.094708771036,-160.505981445312,0.0360231907960434,NaN,0.569255286185543,0.0171320104161963,5000,0.968428015708923,0.968428015708923,0.968428015708923,19414.0104204901,1829.34688015198,21243.357300642,,,20.2300000190735,1749.30041503906,16442.2066910436,17033.3231044578
2018-07-19T09:02:42Z,1531990962,30E05,40.609134,43.5081729,1714.48,2.2,-14.9,5.6,515648.16,-152657.97,0.3,Weapon+Missile,Blue,Enemies,R-27ER,,cn,,585.926515428907,541.66064453125,1.75544513357438,1714.48376464844,-344.643188476562,566.153461909084,-150.930908203125,0.050289381539678,NaN,0.399975877795947,0.0504352774299245,5000,0.966089248657227,0.966089248657227,0.966089248657227,17165.494074133,1681.33422105896,18846.828295192,,,21.2300000190735,2059.126953125,17007.0467929928,17618.1338234046
2018-07-19T09:02:43Z,1531990963,30E05,40.6097792,43.5129723,1571.01,1.8,-14.9,5.7,515651.28,-152119.92,0.4,Weapon+Missile,Blue,Enemies,R-27ER,,cn,,556.856286363402,518.9033203125,1.66555359771752,1571.01000976562,-375.984252929688,538.055949992439,-143.473754882812,0.0589536685901389,NaN,0.369212705774209,0.0171320104161963,5000,0.969289422035217,0.969289422035217,0.969289422035217,15504.446183122,1540.63453122681,17045.0807143488,,,22.2300000190735,1946.99426269531,17543.8455153785,18173.9089924531
2018-07-19T09:02:44Z,1531990964,30E05,40.6103927,43.5175051,1435.5,1.4,-14.9,5.7,515654.56,-151611.73,0.4,Weapon+Missile,Blue,Enemies,R-27ER,,cn,,525.953835831952,493.931671142578,1.57064193077045,1435.50305175781,-380.15625,508.198093028508,-135.506958007812,0.039000398650802,NaN,0.338449533752472,0.0504352774299245,5000,0.969253718852997,0.969253718852997,0.969253718852997,13831.3718713172,1407.74760025208,15239.1194715693,,,23.2300000190735,1815.65930175781,18050.8566343108,18698.8314602346
2018-07-19T09:02:45Z,1531990965,30E05,40.6109762,43.5217939,1307.29,1.2,-14.9,5.7,515657.88,-151130.88,0.4,Weapon+Missile,Blue,Enemies,R-27ER,,cn,,497.668883353392,470.763000488281,1.48396292878248,1307.29382324219,-535.800170898438,480.87078428788,-128.209228515625,0.0368889068838556,NaN,0.276923189708997,0.0171320104161963,5000,0.966724753379822,0.966724753379822,0.966724753379822,12383.7158729106,1282.0172971698,13665.7331700804,,,24.2300000190735,1843.09399414062,18530.6092571919,19195.5196653572
